DBG:..\SRC\or_mw.c:85:proc_read_fifo(): Read FIFO Size=2056 from address 0x10000
DBG:..\SRC\or_mw.c:570:or_ez_IQ_mode(): Frame Interval=6827ms
40 01 02 00 FF 50 FE 44 FC AF FD F8 FF 0A 00 9E 
02 43 FE 7E FE 75 FE AF FB D1 FD CE FE C5 00 94 
02 28 FD E5 FE 19 FF 76 FB 40 FD D3 FE 5A 00 CC 
01 84 FD 6C FE 33 00 0D FA EF FE 24 FD EA 01 23 
frameEnd FIFO Pos=2052
Rx channel: 0xF
Chirp number: 1
Chirp points: 128
Bandwidth_MHz: 6800
Chirp time_us: 55
FS_IQ_KHz: 2500.000000
IQ_DATA_START==================================
Chrip_01==================================
RX1==============================================
-176,-444
-395,-337
-487,-138
-461,13
-426,128
-370,260
-197,418
49,499
311,419
536,214
586,-94
365,-390
18,-431
-280,-291
-457,9
-349,437
36,712
515,700
897,417
1025,-55
805,-477
405,-619
165,-489
96,-355
11,-274
-61,-136
-33,25
65,183
261,375
681,466
1188,164
1370,-515
943,-1144
265,-1319
-347,-1041
-613,-492
-493,35
-99,445
496,579
1059,336
1389,-138
1376,-799
946,-1349
316,-1494
-134,-1265
-346,-948
-429,-624
-349,-272
-48,7
442,103
916,-92
1199,-571
1235,-1126
1005,-1774
288,-2295
-678,-2309
-1458,-1725
-1675,-729
-1141,278
11,648
1091,37
1348,-1108
763,-2062
-162,-2425
-979,-2279
-1511,-1863
-1807,-1320
-1819,-707
-1425,-179
-953,-83
-652,-183
-416,-393
-364,-656
-365,-908
-457,-1334
-982,-1885
-2120,-1983
-3250,-1055
-3327,573
-2202,1773
-799,1943
290,1349
739,235
210,-917
-878,-1332
-1822,-1027
-2460,-317
-2653,686
-2148,1758
-1049,2333
-56,2083
426,1487
583,923
465,441
137,154
-184,28
-500,-7
-994,117
-1507,679
-1488,1725
-549,2728
965,2852
2129,2007
2459,683
1855,-617
587,-1253
-762,-852
-1352,366
-868,1640
350,2174
1389,1808
1830,1058
1715,427
1463,169
1376,47
1331,-247
951,-601
388,-590
-81,-174
-63,514
433,988
1117,1164
1829,890
2246,195
2112,-675
1474,-1248
732,-1266
200,-960
RX2==============================================
-849,-520
-1071,-562
-1216,-557
-1297,-476
-1341,-271
-1248,5
-1016,195
-683,171
-451,-79
-442,-388
-669,-628
-985,-660
-1245,-461
-1382,-262
-1465,1
-1420,344
-1151,628
-741,696
-366,488
-178,43
-350,-362
-723,-499
-1074,-409
-1320,-177
-1396,138
-1330,372
-1147,550
-955,636
-712,730
-297,708
19,294
-83,-338
-647,-667
-1272,-503
-1631,-34
-1583,468
-1327,751
-1114,883
-829,990
-460,973
-150,734
1,196
-309,-329
-970,-438
-1518,-34
-1636,599
-1383,1076
-1046,1295
-722,1382
-413,1362
-82,1251
203,969
258,551
84,122
-379,-164
-1052,65
-1434,778
-1256,1579
-637,2169
321,2325
1156,1848
1515,1018
1311,222
811,-209
215,-236
-241,83
-447,571
-398,1174
126,1692
869,1814
1688,1634
2311,919
2391,-18
2047,-724
1557,-1176
896,-1432
84,-1272
-464,-523
-222,487
637,1008
1607,892
2431,284
2908,-889
2539,-2287
1370,-3026
218,-2971
-622,-2526
-1169,-1652
-955,-619
-81,-133
743,-377
1137,-1008
1233,-1745
927,-2450
247,-3016
-581,-3115
-1178,-2925
-1852,-2614
-2438,-1842
-2372,-658
-1363,85
-157,-204
476,-1300
190,-2530
-834,-3330
-2196,-3346
-3280,-2488
-3565,-1316
-3138,-398
-2499,-64
-2150,-80
-1906,-80
-1584,-150
-1312,-444
-1369,-1015
-1898,-1530
-2828,-1519
-3629,-795
-3889,265
-3389,1331
-2469,1793
-1636,1703
-1060,1289
-837,729
-966,183
-1375,-141
-1855,-149
-2441,57
RX3==============================================
-246,158
-315,148
-422,204
-534,291
-645,409
-622,562
-530,717
-373,794
-146,793
7,633
29,395
-58,262
-158,256
-186,248
-224,234
-294,262
-303,304
-311,385
-257,487
-114,523
64,461
216,302
261,15
74,-272
-302,-317
-574,-111
-707,172
-640,427
-450,655
-97,771
281,599
341,166
115,-112
-139,-155
-258,-78
-325,-36
-383,17
-476,83
-619,303
-481,692
-52,918
436,780
715,357
728,-177
469,-587
18,-782
-448,-695
-818,-367
-952,144
-656,657
-124,869
469,792
996,278
1016,-529
475,-1132
-270,-1193
-741,-870
-913,-524
-949,-225
-907,73
-682,349
-356,526
200,572
783,88
829,-801
185,-1553
-763,-1716
-1552,-1284
-1924,-483
-1718,228
-1288,741
-528,1001
199,715
602,17
469,-848
-235,-1483
-1293,-1589
-2096,-998
-2358,-137
-2176,671
-1536,1283
-637,1386
-112,967
4,557
64,238
-10,-347
-545,-880
-1540,-926
-2365,-148
-2432,986
-1865,2013
-680,2605
762,2326
1515,1226
1327,104
727,-631
-125,-994
-1139,-767
-1745,145
-1540,1193
-707,1883
370,1983
1226,1452
1619,627
1484,-253
889,-880
236,-1084
-290,-1073
-817,-898
-1228,-411
-1320,303
-760,1021
249,1148
1066,599
1356,-409
899,-1438
-224,-2066
-1505,-1874
-2216,-930
-2090,98
-1575,602
-1018,846
-451,762
-140,431
-22,41
-133,-347
-437,-631
-950,-858
RX4==============================================
579,-386
552,-539
388,-660
149,-632
-82,-437
-101,-90
65,171
342,272
622,168
767,-84
725,-350
537,-517
314,-471
209,-366
137,-305
68,-155
72,50
210,239
430,294
623,196
746,34
795,-126
810,-324
652,-558
349,-670
0,-513
-185,-132
-119,323
244,712
827,748
1266,367
1328,-190
1076,-606
708,-724
405,-661
188,-437
165,-136
271,19
340,140
544,309
862,353
1127,194
1299,-133
1298,-550
1063,-894
709,-1087
237,-1065
-164,-695
-243,-113
96,380
615,560
1152,435
1604,-101
1562,-908
987,-1523
144,-1538
-391,-1001
-439,-377
-159,45
140,132
301,149
439,258
796,335
1224,14
1330,-724
861,-1398
17,-1546
-639,-1095
-925,-326
-746,499
-206,1048
640,1292
1484,886
1914,29
1763,-1005
1013,-1750
-26,-1867
-870,-1214
-1048,-214
-646,623
55,1044
777,965
1273,604
1599,85
1742,-599
1478,-1474
685,-2085
-380,-2108
-1247,-1321
-1433,-230
-1027,811
-45,1460
1183,1275
1961,223
1792,-1062
978,-1881
15,-2080
-931,-1729
-1515,-804
-1352,260
-732,827
-76,996
536,830
937,444
1077,-172
815,-767
299,-1037
-170,-1051
-697,-862
-1095,-268
-1102,509
-588,1239
266,1503
1054,1226
1592,469
1531,-510
806,-1226
-193,-1210
-759,-545
-753,226
-380,758
122,1086
796,1050
1213,583
1245,69
1107,-318
884,-595
564,-784
IQ_DATA_END=============================================
