DBG:..\SRC\or_mw.c:85:proc_read_fifo(): Read FIFO Size=2056 from address 0x10000
DBG:..\SRC\or_mw.c:570:or_ez_IQ_mode(): Frame Interval=6806ms
40 01 02 00 FF 69 FF A1 FC D9 FF 45 FE 23 01 2D 
01 34 FF 23 FF 44 00 20 FC 75 FF 14 FD E5 01 8E 
01 0F FF 66 FF 4D 00 64 FC 69 FE F6 FE 11 01 FD 
01 39 FF 71 FF 89 00 5B FC 5F FE C6 FE 46 02 16 
frameEnd FIFO Pos=2052
Rx channel: 0xF
Chirp number: 1
Chirp points: 128
Bandwidth_MHz: 6800
Chirp time_us: 55
FS_IQ_KHz: 2500.000000
IQ_DATA_START==================================
Chrip_01==================================
RX1==============================================
-151,-95
-188,32
-179,100
-119,91
-106,63
-94,44
-105,38
-104,84
-62,139
16,159
93,100
139,46
142,1
97,-2
83,34
139,95
239,111
323,33
319,-60
283,-88
227,-101
230,-54
280,16
371,2
428,-71
433,-174
370,-216
304,-220
304,-158
382,-90
512,-98
548,-221
516,-329
438,-382
378,-348
394,-275
483,-231
594,-299
633,-419
568,-538
479,-595
393,-584
399,-539
486,-516
575,-614
583,-757
476,-880
351,-941
229,-931
208,-861
290,-842
359,-953
308,-1109
155,-1225
-22,-1276
-178,-1193
-235,-1072
-175,-1051
-118,-1155
-196,-1297
-407,-1364
-608,-1320
-738,-1192
-750,-1020
-664,-953
-580,-1050
-674,-1152
-876,-1182
-1085,-1086
-1193,-901
-1144,-706
-1007,-631
-938,-726
-1100,-860
-1322,-811
-1471,-644
-1528,-382
-1428,-127
-1228,-90
-1194,-202
-1331,-234
-1496,-110
-1580,131
-1518,379
-1290,579
-1057,606
-995,505
-1068,480
-1153,597
-1143,837
-973,1047
-680,1177
-408,1113
-327,934
-434,843
-497,910
-412,1102
-215,1238
78,1271
308,1106
314,921
208,819
151,892
211,1048
416,1157
674,1075
854,848
779,631
595,570
518,666
614,789
818,833
1048,701
1122,492
1012,311
874,300
844,384
924,457
1115,471
1283,321
1291,81
1166,-91
968,-101
962,4
1083,45
1250,-23
1353,-199
1295,-417
RX2==============================================
-807,-187
-907,-236
-919,-266
-929,-314
-941,-310
-951,-293
-984,-280
-981,-238
-953,-200
-922,-163
-908,-193
-926,-228
-937,-233
-959,-201
-1000,-127
-970,-78
-916,-60
-887,-74
-906,-81
-955,-80
-1023,-64
-1038,0
-982,58
-932,66
-924,61
-907,58
-961,54
-1003,76
-1036,161
-992,247
-927,258
-894,207
-903,188
-965,221
-981,244
-1009,304
-1016,411
-935,455
-875,421
-913,405
-993,414
-1034,502
-987,594
-931,682
-860,737
-798,736
-802,721
-825,751
-841,803
-823,924
-707,1096
-543,1125
-433,1059
-410,1017
-448,1019
-434,1090
-341,1230
-145,1333
80,1339
236,1232
282,1089
287,1029
320,1083
423,1221
696,1257
961,1080
1063,816
1057,632
1039,543
978,553
1069,612
1291,552
1511,271
1494,-70
1335,-265
1204,-320
1154,-272
1244,-266
1421,-416
1495,-741
1380,-1061
1141,-1231
899,-1224
808,-1130
917,-1101
1036,-1280
978,-1623
720,-1875
422,-1948
225,-1878
172,-1768
223,-1776
195,-1948
37,-2215
-300,-2385
-634,-2304
-850,-2083
-905,-1925
-835,-1915
-871,-2051
-1100,-2188
-1418,-2181
-1712,-2018
-1884,-1771
-1870,-1553
-1776,-1488
-1805,-1548
-2023,-1615
-2333,-1524
-2538,-1216
-2531,-886
-2417,-664
-2300,-626
-2314,-672
-2533,-628
-2664,-438
-2680,-133
-2602,181
-2419,314
-2270,344
-2238,311
-2314,352
-2379,540
-2298,823
-2120,1030
-1911,1115
-1723,1088
-1678,1025
RX3==============================================
-477,301
-539,398
-495,509
-442,534
-408,512
-384,478
-384,482
-385,492
-350,511
-304,522
-250,500
-183,432
-178,377
-185,326
-215,330
-212,374
-142,389
-83,356
-56,276
-109,190
-186,166
-228,195
-193,260
-117,279
-57,233
-60,167
-134,135
-249,148
-296,205
-253,301
-128,285
-93,232
-102,152
-158,124
-231,193
-215,285
-136,318
-36,292
18,223
-9,154
-54,96
-102,123
-117,205
-1,253
123,171
125,57
55,-35
-16,-80
-64,-37
-25,20
65,2
104,-69
96,-177
16,-291
-85,-326
-190,-294
-205,-229
-92,-206
-52,-286
-136,-427
-271,-458
-398,-436
-516,-405
-532,-295
-422,-236
-354,-306
-383,-404
-522,-443
-663,-403
-754,-320
-745,-158
-597,-92
-525,-196
-602,-331
-741,-339
-913,-230
-948,-80
-877,67
-703,81
-645,-35
-756,-136
-935,-127
-1049,2
-1045,199
-913,360
-707,340
-651,202
-783,127
-928,227
-986,426
-867,643
-630,725
-445,646
-372,507
-424,446
-533,489
-516,621
-351,751
-51,732
128,521
59,288
-93,198
-189,252
-163,327
6,366
193,278
181,29
26,-157
-155,-201
-300,-157
-305,-86
-241,-58
-192,-146
-231,-322
-447,-430
-666,-373
-765,-244
-768,-88
-706,6
-630,-14
-683,-110
-826,-114
-915,-12
-913,147
-873,276
-730,329
-637,249
-685,132
RX4==============================================
308,-221
271,-154
313,-143
360,-164
348,-205
309,-240
284,-211
272,-167
304,-100
370,-78
434,-141
425,-196
371,-206
342,-169
357,-126
418,-64
491,-74
543,-117
522,-170
485,-206
441,-182
429,-115
481,-42
595,-51
624,-125
575,-210
518,-178
505,-155
521,-106
592,-50
672,-85
708,-171
664,-234
595,-252
533,-217
544,-121
646,-78
731,-132
739,-238
680,-324
625,-329
583,-296
577,-228
663,-199
726,-272
729,-383
664,-484
554,-505
464,-470
467,-395
547,-345
602,-425
578,-525
480,-599
367,-558
263,-485
239,-360
306,-269
405,-307
405,-433
274,-491
151,-447
73,-310
137,-144
307,-75
403,-169
375,-284
256,-330
127,-236
86,-84
196,89
412,139
564,-33
487,-216
338,-227
241,-115
250,45
430,152
644,51
683,-192
594,-377
441,-371
348,-299
370,-171
527,-111
689,-250
659,-495
446,-644
278,-617
147,-490
171,-325
326,-292
419,-413
348,-606
135,-669
-59,-573
-126,-368
-60,-162
121,-104
239,-250
161,-414
-27,-430
-159,-295
-167,-69
-2,112
224,82
280,-96
168,-231
-23,-228
-112,-57
-18,126
161,200
344,94
362,-95
184,-177
70,-83
80,69
196,201
360,206
480,91
457,-51
312,-138
179,-54
195,87
295,182
440,176
530,30
459,-133
IQ_DATA_END=============================================
