DBG:..\SRC\or_mw.c:85:proc_read_fifo(): Read FIFO Size=2056 from address 0x10000
DBG:..\SRC\or_mw.c:570:or_ez_IQ_mode(): Frame Interval=6815ms
40 01 02 00 00 46 00 27 FD 44 FF B5 FE 70 01 BB 
01 BA FF 62 00 72 00 80 FC EC FF 78 FE 88 02 19 
01 DF FF 81 00 A0 00 81 FC B8 FF 6D FE BA 02 61 
01 F2 FF 84 00 BA 00 5B FC C6 FF 63 FE DC 02 73 
frameEnd FIFO Pos=2052
Rx channel: 0xF
Chirp number: 1
Chirp points: 128
Bandwidth_MHz: 6800
Chirp time_us: 55
FS_IQ_KHz: 2500.000000
IQ_DATA_START==================================
Chrip_01==================================
RX1==============================================
70,39
114,128
160,129
186,91
198,26
201,-47
223,-103
177,-198
102,-290
41,-321
-37,-341
-123,-366
-195,-354
-303,-307
-442,-233
-511,-115
-513,11
-470,173
-398,343
-292,487
-146,592
31,672
230,691
462,656
657,596
827,482
945,343
1054,219
1157,42
1235,-168
1241,-400
1190,-615
1042,-803
905,-944
770,-1079
538,-1217
283,-1287
41,-1275
-195,-1163
-375,-1025
-497,-861
-582,-698
-637,-484
-624,-208
-534,26
-326,181
-110,301
97,355
331,389
567,361
851,288
1115,135
1322,-108
1458,-386
1542,-703
1604,-1067
1573,-1499
1406,-1973
1048,-2420
543,-2728
-13,-2885
-572,-2908
-1104,-2804
-1586,-2590
-2014,-2224
-2268,-1760
-2348,-1305
-2328,-883
-2247,-526
-2133,-227
-1977,51
-1808,303
-1585,515
-1338,663
-1061,768
-763,857
-429,845
-87,741
227,530
449,209
491,-238
360,-702
84,-1090
-275,-1306
-690,-1463
-1205,-1508
-1753,-1373
-2197,-995
-2469,-498
-2574,24
-2546,514
-2410,987
-2173,1399
-1849,1744
-1503,1995
-1156,2202
-800,2381
-409,2524
28,2561
493,2527
906,2380
1249,2165
1592,1941
1894,1602
2099,1200
2180,734
2152,299
2076,-95
1913,-497
1588,-889
1131,-1205
574,-1345
-14,-1239
-480,-930
-729,-489
-819,-33
-777,374
-560,795
-216,1126
208,1300
610,1293
914,1199
1124,1125
1315,1026
1529,926
1746,761
1942,535
2080,284
RX2==============================================
-700,-75
-788,-136
-840,-147
-826,-157
-786,-160
-727,-200
-738,-241
-760,-267
-757,-295
-795,-297
-808,-340
-830,-410
-872,-469
-983,-490
-1078,-467
-1142,-409
-1227,-358
-1328,-273
-1411,-160
-1465,-22
-1460,138
-1369,296
-1274,394
-1229,455
-1189,504
-1113,607
-979,697
-818,737
-641,715
-528,671
-431,614
-304,548
-166,421
-97,202
-115,-30
-234,-168
-380,-275
-508,-365
-625,-425
-828,-503
-1085,-532
-1343,-465
-1585,-242
-1728,21
-1778,230
-1811,450
-1856,759
-1865,1083
-1742,1396
-1481,1651
-1230,1828
-983,1994
-707,2168
-304,2275
193,2314
661,2132
1076,1820
1344,1434
1471,1019
1504,578
1403,131
1131,-227
803,-489
464,-597
119,-535
-133,-395
-324,-210
-436,-31
-531,163
-580,426
-557,744
-378,1013
-126,1165
88,1291
329,1482
658,1645
1106,1765
1674,1705
2216,1449
2664,994
3057,396
3321,-268
3411,-960
3293,-1714
2971,-2526
2393,-3162
1660,-3590
891,-3778
171,-3728
-427,-3545
-937,-3303
-1381,-2921
-1652,-2496
-1742,-2098
-1749,-1791
-1774,-1572
-1791,-1333
-1794,-1084
-1705,-792
-1483,-533
-1265,-428
-1058,-442
-854,-510
-687,-591
-534,-721
-387,-928
-295,-1200
-317,-1526
-432,-1879
-698,-2252
-1083,-2560
-1662,-2779
-2343,-2796
-3029,-2553
-3623,-2072
-4030,-1421
-4199,-710
-4140,-2
-3892,590
-3594,1011
-3265,1312
-2936,1535
-2589,1710
-2263,1794
-1996,1806
-1758,1825
-1532,1881
-1292,1913
RX3==============================================
-400,443
-376,537
-326,609
-292,627
-257,624
-206,617
-125,560
-57,487
-41,397
-59,322
-46,267
-56,185
-86,119
-117,41
-193,-3
-296,-31
-385,-14
-453,27
-501,89
-566,155
-609,259
-597,357
-545,448
-489,521
-429,564
-322,610
-225,661
-119,660
11,625
111,557
180,444
246,326
289,246
319,155
342,28
338,-111
244,-227
133,-340
41,-430
-100,-483
-265,-510
-463,-477
-627,-395
-740,-246
-791,-79
-774,76
-770,216
-712,359
-572,468
-491,519
-398,571
-302,628
-166,684
-4,721
191,698
453,640
715,448
936,178
1054,-142
1025,-515
839,-896
596,-1253
241,-1462
-167,-1505
-572,-1481
-896,-1382
-1120,-1174
-1297,-986
-1442,-808
-1500,-615
-1514,-431
-1572,-279
-1648,-143
-1764,6
-1861,300
-1829,694
-1596,1101
-1256,1396
-825,1601
-343,1640
210,1510
687,1212
1016,723
1125,153
952,-385
612,-789
187,-1066
-286,-1216
-773,-1206
-1186,-1027
-1481,-752
-1605,-400
-1641,-75
-1641,174
-1609,379
-1591,596
-1546,843
-1453,1070
-1265,1337
-1008,1580
-698,1782
-326,1910
106,1959
571,1916
1000,1756
1430,1465
1777,1070
2022,576
2128,-4
2067,-652
1819,-1324
1306,-1922
598,-2306
-183,-2416
-876,-2297
-1410,-1964
-1807,-1536
-2046,-1074
-2141,-625
-2109,-197
-1962,128
-1784,349
-1677,508
-1563,657
-1424,823
-1259,970
-1053,1065
-846,1133
RX4==============================================
442,-158
479,-127
498,-124
539,-184
579,-244
571,-288
564,-346
534,-390
509,-435
441,-502
350,-558
268,-565
191,-544
109,-498
14,-454
-82,-401
-165,-275
-194,-135
-194,27
-149,195
-66,324
63,429
226,528
404,573
575,577
734,548
889,468
1007,349
1100,245
1168,87
1210,-95
1215,-274
1185,-445
1108,-548
1014,-685
895,-802
728,-868
556,-890
390,-853
230,-788
76,-681
-54,-511
-137,-312
-124,-97
-55,111
69,261
190,370
352,453
548,517
711,526
884,480
1041,398
1190,295
1334,195
1467,31
1597,-213
1645,-514
1595,-879
1450,-1219
1183,-1485
848,-1659
465,-1752
87,-1723
-274,-1561
-544,-1314
-725,-966
-777,-609
-713,-354
-634,-177
-578,32
-521,231
-391,400
-270,553
-169,702
4,848
258,1045
604,1218
1053,1200
1528,973
1867,573
2048,78
2102,-446
2015,-978
1749,-1479
1355,-1944
827,-2213
247,-2245
-266,-2059
-622,-1733
-865,-1398
-990,-1076
-1062,-775
-1076,-441
-998,-158
-890,36
-817,188
-776,345
-702,596
-512,869
-217,1078
137,1155
470,1142
752,1037
1023,892
1280,692
1524,349
1631,-94
1592,-560
1420,-992
1126,-1367
741,-1650
236,-1794
-318,-1806
-867,-1570
-1258,-1089
-1422,-533
-1383,-24
-1211,456
-953,798
-674,1028
-387,1202
-75,1282
200,1311
454,1237
659,1156
850,1120
1094,1060
1349,921
IQ_DATA_END=============================================
