DBG:..\SRC\or_mw.c:85:proc_read_fifo(): Read FIFO Size=2056 from address 0x10000
DBG:..\SRC\or_mw.c:570:or_ez_IQ_mode(): Frame Interval=6807ms
40 01 02 00 FF 9D FF BE FD 1C FF 58 FE 72 01 46 
01 7A FF 06 FF 68 FF F2 FC B4 FE E7 FE 53 01 9D 
01 5E FE E9 FF 43 00 25 FC 7B FE C4 FE 5F 01 D3 
01 4B FE E0 FF 41 00 35 FC 68 FE C0 FE 6F 01 EB 
frameEnd FIFO Pos=2052
Rx channel: 0xF
Chirp number: 1
Chirp points: 128
Bandwidth_MHz: 6800
Chirp time_us: 55
FS_IQ_KHz: 2500.000000
IQ_DATA_START==================================
Chrip_01==================================
RX1==============================================
-99,-66
-152,-14
-189,37
-191,53
-145,67
-119,86
-96,105
-81,91
-44,78
-9,88
6,82
68,92
88,82
91,77
132,64
168,40
202,28
204,17
233,-6
281,5
319,-16
333,-45
353,-75
365,-113
351,-153
357,-151
358,-142
375,-156
385,-190
390,-230
388,-256
378,-249
375,-275
407,-307
418,-293
441,-294
430,-332
419,-374
423,-405
414,-440
447,-462
444,-473
461,-523
427,-575
429,-619
417,-658
383,-691
389,-721
370,-778
363,-828
323,-875
266,-936
202,-983
153,-999
97,-1048
30,-1077
-10,-1117
-89,-1133
-173,-1161
-231,-1176
-335,-1188
-398,-1190
-470,-1162
-544,-1152
-609,-1139
-705,-1125
-782,-1083
-864,-1027
-921,-968
-960,-895
-1007,-883
-1046,-826
-1125,-792
-1175,-716
-1211,-643
-1294,-558
-1335,-474
-1360,-392
-1360,-273
-1398,-173
-1402,-68
-1359,73
-1344,198
-1298,312
-1249,371
-1170,464
-1148,577
-1051,671
-952,736
-868,819
-756,867
-671,904
-580,963
-466,1009
-384,1003
-274,1023
-191,1032
-83,1049
19,1025
105,990
188,966
240,959
335,945
434,913
498,841
557,772
610,740
669,709
699,678
745,624
778,592
821,541
861,479
860,407
858,362
880,362
922,305
964,250
980,205
1020,155
1033,101
1031,63
1032,37
1027,-32
1067,-73
1082,-149
1091,-220
1052,-260
RX2==============================================
-740,-168
-844,-281
-901,-316
-920,-320
-963,-310
-990,-307
-988,-283
-979,-265
-975,-247
-984,-189
-987,-165
-964,-133
-957,-87
-949,-69
-952,-45
-940,-20
-929,-19
-934,-23
-933,-16
-917,42
-895,45
-897,56
-884,90
-884,82
-916,109
-925,140
-927,162
-888,173
-839,171
-835,181
-843,188
-883,203
-898,227
-912,259
-917,269
-909,279
-933,296
-906,336
-909,361
-943,391
-922,454
-888,492
-868,523
-877,534
-863,570
-828,622
-832,676
-820,729
-759,820
-672,864
-629,899
-585,915
-527,953
-442,1003
-330,1044
-272,1058
-187,1071
-95,1076
-11,1072
55,1072
115,1056
203,1047
314,1050
424,1007
562,977
634,921
710,844
739,763
861,679
986,580
1042,447
1082,363
1105,262
1126,169
1159,84
1207,-44
1242,-161
1244,-290
1249,-431
1207,-577
1171,-717
1128,-829
1079,-987
1015,-1101
913,-1225
815,-1349
725,-1443
600,-1502
513,-1568
445,-1664
349,-1752
206,-1866
38,-1965
-124,-1992
-260,-2020
-418,-2027
-556,-2030
-709,-2055
-885,-2028
-1043,-1998
-1194,-1926
-1317,-1886
-1452,-1855
-1606,-1763
-1733,-1699
-1843,-1608
-2002,-1511
-2123,-1342
-2196,-1209
-2268,-1071
-2333,-927
-2359,-789
-2363,-640
-2413,-477
-2392,-336
-2383,-210
-2361,-103
-2316,-1
-2310,125
-2274,286
-2244,427
-2165,493
-2103,598
-2029,717
-1936,829
-1879,934
-1779,1006
-1663,1072
RX3==============================================
-398,326
-429,413
-417,467
-401,491
-391,521
-367,531
-327,530
-301,529
-272,485
-239,459
-199,442
-174,427
-164,375
-160,339
-145,316
-139,287
-138,284
-138,272
-139,234
-132,208
-136,193
-159,192
-148,195
-144,191
-154,175
-169,152
-208,163
-214,182
-221,183
-243,183
-249,208
-217,221
-200,221
-196,236
-184,210
-136,188
-127,208
-92,182
-86,165
-78,154
-66,145
-79,141
-71,118
-57,108
-28,122
-28,109
-3,88
-1,17
-29,-42
-39,-55
-52,-78
-54,-113
-68,-151
-124,-182
-112,-176
-158,-206
-185,-243
-185,-260
-206,-304
-251,-316
-264,-317
-274,-337
-342,-369
-425,-394
-474,-362
-518,-338
-534,-334
-577,-323
-600,-309
-623,-269
-654,-264
-651,-222
-686,-187
-725,-157
-751,-165
-798,-177
-843,-145
-899,-91
-915,-30
-920,11
-915,35
-926,97
-977,109
-972,186
-941,241
-931,310
-919,365
-889,409
-848,457
-854,529
-786,580
-703,674
-614,716
-493,755
-425,753
-351,745
-257,741
-165,736
-94,722
-22,666
66,587
107,516
145,441
167,377
205,288
229,212
224,116
242,24
196,-87
97,-221
38,-276
-48,-315
-111,-359
-214,-386
-298,-427
-420,-396
-517,-406
-606,-354
-692,-342
-719,-289
-778,-241
-850,-185
-832,-147
-858,-104
-920,-43
-937,5
-927,51
-928,138
RX4==============================================
378,-250
350,-279
331,-288
312,-281
314,-265
300,-252
314,-233
311,-233
323,-237
324,-206
339,-212
349,-202
348,-167
367,-146
381,-133
391,-132
398,-126
386,-104
413,-108
408,-102
430,-108
428,-109
423,-119
460,-100
476,-72
505,-58
528,-58
530,-75
534,-57
548,-57
581,-61
594,-70
640,-112
635,-124
639,-152
647,-148
654,-148
667,-169
675,-170
698,-195
703,-199
709,-219
701,-236
686,-246
697,-284
686,-285
686,-323
669,-341
646,-362
642,-398
627,-400
594,-424
554,-425
536,-424
519,-449
488,-460
440,-451
400,-428
368,-432
357,-406
354,-379
337,-367
303,-353
292,-329
275,-301
296,-278
327,-259
326,-246
331,-276
312,-259
299,-243
325,-216
350,-188
370,-186
361,-179
385,-173
398,-160
417,-144
432,-165
437,-186
458,-230
443,-278
440,-309
435,-335
403,-345
403,-384
399,-384
374,-404
346,-414
315,-453
293,-481
234,-484
203,-470
166,-457
138,-422
120,-395
54,-381
21,-368
12,-318
30,-292
17,-278
22,-240
50,-229
28,-196
23,-185
6,-133
-7,-100
22,-73
30,-48
43,-24
31,15
31,46
64,105
78,123
128,150
164,145
209,127
248,131
264,125
302,127
309,131
338,124
372,108
401,75
421,56
417,38
445,62
469,86
IQ_DATA_END=============================================
