DBG:..\SRC\or_mw.c:85:proc_read_fifo(): Read FIFO Size=5128 from address 0x10000
DBG:..\SRC\or_mw.c:578:or_ez_IQ_mode(): Frame Interval=335ms
frameEnd FIFO Pos=5124
Rx channel: 0x1
Chirp number: 10
Chirp points: 128
Bandwidth_MHz: 6800
Chirp time_us: 55
FS_IQ_KHz: 2500.000000
IQ_DATA_START==================================
Chirp_01==================================
RX1==============================================
-54,-146
-127,-51
-117,7
-102,50
-56,68
-19,88
46,101
134,61
187,-24
217,-113
201,-188
116,-222
89,-182
88,-174
49,-157
73,-137
114,-155
115,-184
72,-252
-68,-216
-116,-48
5,124
175,161
332,124
460,28
451,-149
393,-242
332,-275
274,-281
281,-266
231,-254
237,-226
340,-235
330,-357
195,-403
95,-314
118,-211
216,-166
288,-209
273,-169
375,-70
534,-91
654,-211
661,-372
581,-553
472,-613
488,-600
559,-611
604,-790
473,-980
294,-1010
171,-956
180,-879
248,-914
200,-1056
24,-1116
-93,-1062
-126,-1009
-131,-946
-92,-903
-6,-866
173,-1007
134,-1364
-138,-1590
-438,-1649
-700,-1629
-987,-1530
-1153,-1290
-1151,-1106
-1090,-1038
-1105,-1068
-1200,-1109
-1387,-1065
-1602,-1016
-1868,-780
-1971,-319
-1768,102
-1435,246
-1158,190
-1051,18
-1109,-78
-1191,-143
-1358,-126
-1568,21
-1645,267
-1670,463
-1622,791
-1368,1012
-1149,1089
-1051,1109
-944,1218
-808,1233
-749,1341
-627,1481
-506,1613
-217,1842
273,1908
754,1670
925,1182
698,762
404,698
207,822
228,1039
346,1253
650,1449
1091,1338
1352,997
1319,618
1131,439
853,394
730,675
1028,913
1399,882
1646,671
1755,344
1701,61
1657,-116
1554,-308
1335,-473
1138,-483
1033,-427
1000,-280
1113,-263
1139,-281
1273,-286
1395,-472
1368,-712
1177,-865
RX_END==============================================
Chirp_02==================================
RX1==============================================
-72,-105
-136,-48
-126,11
-79,60
-58,68
-10,84
79,95
160,75
208,-16
225,-98
213,-185
121,-218
95,-175
91,-186
48,-187
71,-130
124,-131
118,-183
65,-240
-53,-208
-97,-36
5,119
195,167
328,122
467,-15
447,-163
376,-234
322,-281
276,-275
283,-278
230,-276
227,-206
307,-213
320,-331
213,-373
111,-314
107,-213
220,-159
256,-194
250,-143
374,-44
525,-99
637,-236
663,-405
614,-551
501,-600
484,-584
559,-636
608,-795
488,-963
299,-1024
176,-964
173,-906
203,-933
181,-1038
37,-1115
-74,-1057
-126,-1009
-158,-962
-126,-902
-36,-873
154,-1009
112,-1349
-144,-1573
-446,-1672
-705,-1627
-991,-1510
-1134,-1290
-1126,-1083
-1101,-1024
-1119,-1063
-1207,-1095
-1386,-1101
-1620,-1022
-1928,-784
-1988,-323
-1766,99
-1411,265
-1148,223
-1042,38
-1108,-86
-1227,-130
-1390,-111
-1572,27
-1635,275
-1665,472
-1601,792
-1331,1057
-1119,1107
-1032,1107
-940,1237
-820,1273
-767,1340
-623,1482
-484,1646
-218,1842
246,1866
688,1625
867,1148
698,766
411,716
236,834
252,1048
347,1252
644,1451
1073,1337
1322,992
1300,639
1138,469
885,395
749,677
1010,944
1370,908
1635,677
1765,351
1709,97
1634,-123
1531,-319
1329,-491
1138,-493
1041,-431
1001,-290
1113,-272
1170,-291
1325,-321
1421,-496
1353,-720
1167,-872
RX_END==============================================
Chirp_03==================================
RX1==============================================
-80,-137
-112,-52
-89,2
-61,47
-40,51
-12,57
51,77
153,37
223,-40
227,-108
196,-176
126,-221
110,-169
94,-185
44,-177
43,-132
99,-146
132,-173
77,-234
-44,-216
-109,-43
-3,114
177,161
320,130
440,10
435,-140
373,-221
350,-271
307,-270
277,-261
241,-270
225,-206
326,-214
330,-360
205,-413
96,-323
117,-228
211,-185
266,-203
224,-173
357,-79
538,-120
664,-255
700,-446
633,-589
515,-617
498,-605
559,-626
603,-773
476,-983
292,-1044
162,-984
147,-916
189,-932
169,-1028
32,-1096
-77,-1041
-125,-1007
-166,-965
-139,-910
-34,-870
157,-975
137,-1337
-107,-1590
-401,-1643
-704,-1633
-980,-1566
-1155,-1333
-1153,-1102
-1096,-1019
-1093,-1036
-1167,-1097
-1373,-1111
-1636,-1063
-1923,-799
-1996,-339
-1804,83
-1444,273
-1153,230
-1026,34
-1079,-93
-1207,-163
-1384,-146
-1582,16
-1635,272
-1692,485
-1629,803
-1341,1012
-1108,1056
-1056,1059
-979,1184
-824,1249
-777,1381
-620,1526
-469,1620
-198,1831
274,1867
712,1618
905,1160
703,783
415,708
232,829
222,1028
323,1228
632,1409
1065,1343
1320,1026
1293,641
1152,444
891,368
754,649
1017,929
1391,890
1647,685
1762,378
1714,93
1657,-114
1568,-323
1365,-486
1140,-489
1022,-419
983,-289
1124,-278
1176,-315
1296,-338
1402,-505
1339,-732
1152,-898
RX_END==============================================
Chirp_04==================================
RX1==============================================
-83,-117
-140,-46
-132,15
-97,64
-56,70
-26,90
47,87
148,49
211,-28
208,-126
198,-163
143,-184
113,-177
96,-201
64,-179
53,-149
80,-142
109,-174
56,-216
-68,-185
-127,-23
-14,131
172,148
319,96
444,-19
458,-166
395,-244
325,-285
275,-278
256,-258
228,-273
232,-216
319,-195
311,-317
182,-387
95,-319
89,-213
162,-154
231,-197
238,-131
358,-35
550,-106
678,-245
696,-428
613,-610
484,-622
481,-576
554,-581
603,-763
500,-942
319,-1021
153,-997
139,-911
178,-920
165,-1020
34,-1091
-73,-1052
-102,-1020
-162,-968
-135,-921
-53,-865
133,-989
115,-1323
-134,-1535
-432,-1644
-709,-1641
-997,-1543
-1171,-1270
-1174,-1059
-1103,-1004
-1077,-1017
-1122,-1060
-1334,-1107
-1618,-1065
-1932,-813
-2020,-339
-1790,97
-1415,274
-1136,243
-1021,73
-1076,-84
-1211,-166
-1389,-148
-1604,29
-1663,312
-1641,510
-1571,798
-1340,1017
-1138,1051
-1068,1069
-981,1231
-840,1282
-784,1383
-614,1496
-477,1596
-216,1806
246,1872
675,1629
856,1171
676,812
424,732
227,827
251,1045
340,1250
641,1444
1073,1337
1311,1008
1283,642
1153,441
877,362
715,624
963,886
1335,880
1615,679
1759,367
1744,88
1661,-123
1564,-329
1357,-511
1133,-496
1019,-433
977,-278
1123,-255
1188,-289
1344,-319
1417,-519
1358,-742
1158,-864
RX_END==============================================
Chirp_05==================================
RX1==============================================
-88,-142
-132,-47
-123,26
-87,67
-33,90
-15,100
71,86
161,46
221,-25
205,-95
195,-173
139,-217
115,-187
126,-211
69,-219
48,-174
84,-141
94,-157
67,-208
-42,-183
-93,-25
6,123
155,157
312,116
438,-12
436,-146
376,-219
332,-249
289,-270
271,-296
205,-293
207,-229
291,-214
312,-329
220,-374
135,-304
134,-208
194,-170
246,-199
241,-144
345,-59
522,-102
660,-235
671,-428
596,-589
475,-604
450,-571
530,-595
608,-745
512,-937
317,-1012
182,-990
169,-906
176,-908
171,-1005
80,-1077
-59,-1043
-104,-1007
-145,-973
-144,-922
-53,-875
131,-987
115,-1307
-101,-1551
-379,-1658
-656,-1643
-966,-1558
-1174,-1312
-1202,-1068
-1136,-989
-1118,-1026
-1167,-1073
-1337,-1114
-1619,-1073
-1943,-847
-2035,-379
-1816,96
-1430,286
-1125,249
-1014,43
-1069,-102
-1200,-178
-1391,-163
-1625,16
-1678,298
-1674,521
-1562,831
-1309,1016
-1095,1033
-1044,1031
-997,1191
-877,1279
-808,1399
-605,1530
-440,1617
-198,1783
233,1819
661,1627
856,1205
695,845
445,771
274,835
243,1016
318,1199
607,1410
1051,1343
1313,1023
1313,678
1166,466
891,388
738,649
972,891
1345,900
1620,717
1775,370
1750,84
1672,-107
1569,-329
1371,-515
1145,-522
1025,-438
997,-269
1146,-232
1206,-279
1357,-334
1437,-548
1326,-766
1119,-899
RX_END==============================================
Chirp_06==================================
RX1==============================================
-59,-136
-130,-47
-127,30
-98,71
-39,83
-2,97
69,110
149,67
216,-7
220,-79
187,-168
125,-190
120,-176
120,-218
53,-222
45,-177
84,-155
92,-175
62,-214
-37,-191
-82,-35
14,96
177,139
331,89
430,-8
439,-130
389,-216
347,-273
305,-276
259,-290
199,-299
188,-213
305,-204
324,-334
211,-384
134,-338
138,-240
198,-165
254,-193
227,-144
361,-32
537,-86
679,-227
715,-432
599,-601
443,-636
413,-591
511,-581
615,-737
500,-934
319,-1050
165,-1010
140,-916
153,-945
142,-1031
53,-1068
-41,-1029
-68,-1024
-122,-1007
-131,-942
-69,-894
94,-978
117,-1277
-85,-1513
-371,-1624
-657,-1662
-980,-1551
-1185,-1321
-1198,-1105
-1112,-1009
-1111,-1017
-1136,-1044
-1289,-1082
-1580,-1063
-1920,-831
-2045,-372
-1829,89
-1449,281
-1112,241
-994,46
-1085,-98
-1189,-180
-1383,-188
-1642,-29
-1691,295
-1658,542
-1583,842
-1337,1029
-1128,1035
-1065,1029
-1015,1191
-869,1275
-793,1403
-563,1564
-399,1623
-150,1777
244,1806
622,1611
839,1198
675,847
421,768
265,836
265,999
345,1171
587,1363
1006,1331
1311,1059
1317,710
1192,503
920,369
753,607
991,873
1325,866
1617,695
1779,398
1767,106
1707,-123
1608,-356
1376,-532
1114,-524
982,-452
952,-296
1136,-221
1194,-272
1346,-315
1423,-540
1311,-768
1109,-899
RX_END==============================================
Chirp_07==================================
RX1==============================================
-61,-135
-136,-40
-122,33
-73,80
-23,88
-1,98
67,92
154,43
190,-28
197,-93
178,-139
136,-175
130,-188
122,-228
74,-232
57,-178
73,-138
88,-157
63,-209
-43,-185
-96,-53
3,86
150,112
299,77
416,-18
413,-127
396,-207
354,-266
315,-284
281,-289
211,-295
188,-217
295,-187
325,-319
223,-409
156,-358
142,-260
182,-187
216,-206
198,-161
350,-66
559,-90
699,-220
719,-434
603,-607
466,-654
416,-586
493,-549
623,-699
520,-915
350,-1025
182,-1027
138,-935
164,-936
158,-1017
69,-1070
-23,-1014
-64,-1002
-153,-1014
-133,-973
-86,-923
70,-990
77,-1259
-130,-1501
-376,-1615
-660,-1662
-1011,-1586
-1199,-1329
-1207,-1096
-1143,-988
-1120,-985
-1142,-1013
-1271,-1088
-1565,-1096
-1922,-858
-2069,-386
-1867,99
-1449,316
-1126,262
-995,49
-1056,-96
-1194,-199
-1439,-230
-1671,-11
-1681,314
-1645,558
-1534,856
-1269,1017
-1074,1013
-1065,965
-1036,1126
-894,1271
-809,1420
-582,1585
-388,1649
-150,1769
239,1804
617,1587
817,1194
642,859
412,793
291,866
289,1012
357,1145
604,1341
988,1318
1273,1037
1271,731
1186,518
933,384
750,611
970,835
1291,869
1571,693
1741,420
1763,137
1705,-126
1602,-351
1380,-538
1111,-521
965,-416
962,-239
1117,-182
1189,-248
1350,-323
1437,-557
1318,-793
1095,-907
RX_END==============================================
Chirp_08==================================
RX1==============================================
-86,-149
-136,-70
-125,43
-84,80
-23,82
-2,71
74,70
160,36
208,-49
197,-126
198,-160
125,-169
118,-166
134,-212
64,-219
33,-171
63,-153
91,-176
69,-194
-19,-194
-65,-64
21,84
155,110
303,85
404,-17
431,-127
408,-212
337,-259
317,-284
295,-322
208,-325
176,-241
246,-206
322,-299
250,-360
147,-313
151,-245
224,-193
251,-212
212,-146
345,-24
547,-63
688,-211
727,-437
642,-634
486,-671
419,-628
478,-576
604,-705
534,-907
370,-1023
206,-1021
142,-925
150,-944
109,-1014
27,-1050
-19,-993
-49,-988
-109,-1011
-127,-981
-69,-931
81,-1002
91,-1280
-117,-1501
-334,-1622
-607,-1674
-950,-1601
-1166,-1347
-1216,-1121
-1136,-994
-1107,-958
-1143,-1001
-1287,-1067
-1569,-1099
-1926,-868
-2070,-386
-1857,91
-1460,301
-1150,280
-954,70
-1028,-93
-1185,-198
-1405,-208
-1673,-16
-1737,303
-1680,546
-1539,870
-1273,1037
-1065,1028
-1031,1000
-1015,1156
-921,1268
-821,1430
-587,1610
-381,1665
-134,1760
245,1750
617,1564
803,1201
642,882
415,813
295,867
305,1016
363,1158
587,1332
993,1311
1289,1053
1283,734
1201,506
972,372
798,600
983,831
1276,859
1549,726
1730,446
1748,133
1714,-122
1626,-357
1387,-566
1101,-562
960,-448
926,-260
1113,-194
1248,-225
1388,-297
1459,-562
1334,-812
1101,-915
RX_END==============================================
Chirp_09==================================
RX1==============================================
-92,-162
-148,-61
-130,16
-86,79
-13,104
17,96
79,79
150,39
191,-39
170,-92
170,-136
149,-168
136,-173
119,-198
56,-199
40,-165
51,-136
86,-144
83,-181
5,-183
-70,-40
17,86
162,117
289,101
405,0
390,-123
384,-201
385,-255
328,-277
289,-318
212,-320
174,-236
266,-220
333,-302
243,-354
143,-303
145,-249
198,-206
235,-212
193,-136
305,-6
509,-56
683,-208
716,-430
603,-645
454,-670
403,-615
477,-568
610,-691
535,-926
388,-1043
212,-1029
159,-962
168,-980
119,-1015
9,-1012
-37,-989
-30,-999
-95,-993
-129,-953
-84,-906
57,-995
79,-1271
-107,-1493
-363,-1616
-638,-1668
-967,-1589
-1172,-1348
-1230,-1129
-1167,-994
-1127,-951
-1130,-1001
-1248,-1096
-1535,-1119
-1895,-883
-2062,-401
-1881,120
-1469,323
-1123,285
-949,70
-1024,-115
-1182,-206
-1429,-213
-1684,-9
-1701,335
-1678,575
-1548,877
-1252,1037
-1062,1029
-1029,1003
-1028,1165
-913,1285
-806,1449
-545,1631
-330,1678
-93,1787
287,1768
618,1569
786,1195
624,856
416,813
306,897
309,1013
385,1142
599,1313
975,1296
1259,1062
1266,756
1193,549
963,379
782,585
973,828
1263,855
1552,711
1746,442
1774,159
1738,-113
1625,-368
1393,-566
1110,-560
935,-447
916,-258
1125,-175
1231,-226
1365,-289
1449,-536
1315,-804
1077,-938
RX_END==============================================
Chirp_10==================================
RX1==============================================
-73,-153
-136,-66
-133,26
-96,80
-15,90
21,77
70,49
145,33
182,-23
168,-71
171,-146
124,-191
144,-185
141,-216
74,-233
40,-189
53,-142
89,-139
71,-150
-29,-153
-76,-31
16,97
162,146
309,109
404,-1
410,-123
396,-177
355,-242
322,-280
287,-319
213,-306
180,-228
253,-187
318,-292
221,-338
144,-295
168,-223
197,-206
214,-239
198,-150
329,-5
524,-40
678,-182
731,-414
644,-629
481,-645
429,-614
480,-582
606,-711
535,-904
378,-996
223,-1016
146,-955
137,-955
112,-1011
2,-1034
-48,-1006
-45,-1004
-89,-1023
-128,-982
-79,-928
63,-988
83,-1269
-89,-1493
-350,-1597
-627,-1676
-966,-1616
-1189,-1365
-1211,-1122
-1174,-1002
-1161,-968
-1163,-981
-1265,-1087
-1531,-1126
-1900,-895
-2078,-406
-1908,110
-1487,329
-1135,303
-966,100
-1042,-84
-1174,-189
-1420,-219
-1700,-5
-1740,333
-1693,594
-1540,903
-1256,1038
-1079,1015
-1045,975
-1034,1127
-935,1271
-863,1415
-584,1598
-346,1673
-93,1778
283,1771
631,1574
794,1204
622,858
414,815
316,886
311,1030
388,1153
599,1328
971,1304
1261,1057
1270,755
1194,533
962,376
799,601
1000,840
1309,868
1564,697
1749,454
1783,184
1753,-94
1651,-342
1409,-547
1139,-547
983,-477
936,-278
1104,-160
1233,-208
1417,-275
1506,-538
1368,-816
1086,-923
RX_END==============================================
IQ_DATA_END=============================================
DBG:..\SRC\or_mw.c:85:proc_read_fifo(): Read FIFO Size=5128 from address 0x10000
DBG:..\SRC\or_mw.c:578:or_ez_IQ_mode(): Frame Interval=334ms
frameEnd FIFO Pos=5124
Rx channel: 0x1
Chirp number: 10
Chirp points: 128
Bandwidth_MHz: 6800
Chirp time_us: 55
FS_IQ_KHz: 2500.000000
IQ_DATA_START==================================
Chirp_01==================================
RX1==============================================
-66,-129
-115,-68
-103,5
-76,45
-22,63
0,51
65,67
138,66
190,-2
235,-89
196,-197
106,-219
90,-160
87,-167
54,-157
39,-141
63,-140
87,-153
61,-196
-39,-175
-95,-33
-6,95
143,143
306,121
449,-9
433,-188
348,-252
294,-262
256,-250
275,-264
250,-291
216,-243
297,-235
318,-332
231,-379
132,-330
102,-217
201,-139
279,-164
272,-150
375,-87
518,-120
630,-219
688,-391
624,-568
495,-624
467,-611
533,-621
607,-751
487,-966
264,-1047
118,-954
165,-875
209,-913
194,-1024
49,-1122
-96,-1059
-153,-994
-171,-933
-127,-887
-25,-897
138,-1022
109,-1306
-123,-1551
-422,-1667
-706,-1670
-1007,-1534
-1163,-1251
-1141,-1049
-1057,-1010
-1104,-1047
-1200,-1083
-1348,-1074
-1598,-1033
-1897,-788
-1995,-330
-1774,100
-1434,275
-1173,210
-1051,31
-1112,-76
-1227,-141
-1398,-134
-1586,16
-1637,266
-1658,450
-1608,781
-1349,1019
-1110,1069
-1023,1089
-967,1205
-847,1255
-786,1361
-627,1502
-472,1624
-204,1818
247,1884
683,1671
882,1197
702,788
406,710
198,804
219,1030
315,1222
643,1426
1073,1330
1334,1009
1302,666
1135,459
893,378
725,641
973,915
1353,909
1631,715
1756,383
1724,85
1667,-111
1575,-318
1375,-476
1160,-485
1006,-427
984,-274
1118,-250
1167,-281
1303,-309
1410,-521
1345,-737
1148,-878
RX_END==============================================
Chirp_02==================================
RX1==============================================
-59,-136
-108,-53
-104,10
-79,61
-45,59
-2,57
60,80
132,71
193,7
209,-78
191,-174
116,-209
94,-171
93,-186
59,-193
77,-154
102,-145
112,-166
54,-216
-56,-196
-91,-61
6,86
153,148
336,125
477,-5
451,-174
369,-242
319,-263
299,-252
294,-243
222,-292
201,-242
311,-201
326,-307
229,-386
125,-333
110,-223
191,-139
254,-145
266,-131
382,-84
527,-114
653,-218
688,-390
637,-579
510,-647
464,-608
533,-598
617,-745
506,-949
298,-1046
148,-968
167,-881
216,-906
200,-1022
58,-1135
-97,-1090
-132,-1012
-148,-957
-106,-902
-25,-881
134,-1001
116,-1310
-116,-1544
-395,-1687
-702,-1671
-1011,-1546
-1150,-1302
-1111,-1095
-1072,-1029
-1113,-1040
-1186,-1071
-1358,-1090
-1613,-1052
-1925,-810
-2026,-343
-1786,85
-1406,254
-1126,200
-1022,25
-1080,-89
-1209,-158
-1407,-151
-1597,19
-1642,273
-1644,461
-1599,790
-1350,1015
-1124,1070
-1076,1058
-995,1181
-832,1268
-775,1377
-610,1510
-451,1600
-210,1816
235,1859
672,1637
873,1183
700,785
424,719
251,843
254,1030
334,1206
654,1425
1072,1348
1315,1036
1304,675
1158,472
898,367
730,632
980,883
1349,888
1640,695
1798,369
1744,62
1661,-153
1559,-336
1350,-503
1132,-498
1021,-441
983,-274
1128,-255
1183,-302
1311,-323
1400,-514
1339,-755
1145,-885
RX_END==============================================
Chirp_03==================================
RX1==============================================
-42,-164
-88,-80
-113,14
-76,73
-18,81
6,77
55,72
159,58
229,-11
239,-77
193,-167
106,-218
97,-170
92,-190
67,-191
49,-159
94,-147
88,-161
58,-206
-34,-191
-82,-60
16,95
183,149
339,118
471,-3
459,-153
364,-241
295,-267
290,-256
312,-285
242,-305
220,-254
292,-214
314,-293
227,-371
130,-333
101,-224
172,-141
255,-147
254,-135
363,-86
507,-109
624,-231
681,-384
624,-557
492,-645
451,-637
500,-606
594,-754
512,-983
311,-1070
129,-987
133,-896
201,-917
188,-1024
49,-1103
-86,-1072
-131,-1017
-129,-955
-78,-914
-46,-915
76,-1020
91,-1299
-99,-1533
-382,-1651
-665,-1680
-992,-1566
-1186,-1280
-1164,-1062
-1098,-1022
-1108,-1036
-1171,-1082
-1350,-1099
-1627,-1061
-1938,-838
-2046,-336
-1818,117
-1430,279
-1107,241
-984,52
-1079,-89
-1224,-147
-1430,-129
-1622,20
-1667,307
-1688,496
-1623,802
-1359,1023
-1116,1055
-1044,1045
-989,1216
-836,1268
-784,1383
-599,1522
-437,1603
-204,1775
221,1861
658,1649
876,1225
685,818
435,713
249,789
248,1020
340,1198
632,1392
1046,1348
1295,1036
1291,680
1161,455
894,345
727,587
938,864
1317,899
1625,743
1804,421
1776,97
1684,-119
1574,-335
1360,-495
1129,-504
1010,-429
973,-262
1117,-215
1181,-277
1312,-324
1401,-553
1323,-771
1135,-893
RX_END==============================================
Chirp_04==================================
RX1==============================================
-54,-146
-124,-62
-112,24
-74,81
-23,79
8,62
67,62
122,43
206,-4
228,-85
199,-193
117,-216
100,-191
89,-189
47,-171
24,-155
66,-152
89,-147
91,-188
-1,-204
-60,-56
14,90
175,149
328,120
463,-1
465,-157
392,-230
311,-276
274,-255
269,-281
220,-316
188,-232
265,-234
310,-325
220,-379
121,-337
121,-247
198,-173
257,-169
267,-138
402,-74
535,-122
647,-242
734,-383
639,-569
493,-646
444,-603
502,-601
622,-728
526,-961
330,-1084
143,-1007
142,-889
224,-902
208,-1024
49,-1116
-93,-1064
-120,-1003
-128,-938
-120,-916
-44,-933
103,-1025
88,-1270
-97,-1506
-372,-1655
-679,-1703
-1002,-1594
-1148,-1321
-1150,-1104
-1089,-1000
-1101,-1010
-1144,-1049
-1307,-1095
-1560,-1079
-1916,-862
-2058,-365
-1837,118
-1426,319
-1130,239
-977,31
-1089,-126
-1232,-185
-1432,-187
-1641,17
-1648,293
-1642,497
-1580,838
-1319,1025
-1107,1038
-1082,1030
-1027,1199
-876,1299
-788,1428
-571,1554
-404,1599
-172,1751
227,1805
638,1626
855,1190
716,829
451,729
280,803
258,1004
340,1166
612,1378
1028,1334
1305,1057
1326,719
1213,486
945,360
746,594
956,874
1314,901
1611,736
1792,432
1793,99
1698,-136
1587,-338
1370,-518
1096,-534
982,-450
958,-262
1124,-223
1197,-277
1362,-340
1443,-566
1320,-779
1126,-893
RX_END==============================================
Chirp_05==================================
RX1==============================================
-71,-172
-139,-71
-142,28
-89,84
6,90
18,68
64,51
141,26
205,-4
220,-77
197,-175
126,-192
116,-168
132,-200
78,-218
43,-196
70,-164
101,-165
91,-175
6,-161
-61,-41
4,88
130,147
301,140
456,21
459,-143
385,-218
335,-250
310,-252
307,-286
251,-310
213,-254
291,-204
335,-282
258,-365
158,-348
136,-261
173,-167
236,-171
242,-143
359,-79
525,-119
667,-216
714,-410
656,-604
529,-654
449,-605
496,-572
627,-687
542,-925
342,-1062
156,-1019
154,-910
183,-944
172,-1040
46,-1088
-77,-1037
-116,-998
-140,-956
-108,-921
-46,-929
85,-1007
87,-1268
-97,-1490
-358,-1621
-663,-1669
-1011,-1573
-1177,-1316
-1172,-1071
-1097,-984
-1104,-999
-1150,-1015
-1315,-1070
-1590,-1103
-1926,-878
-2065,-398
-1854,95
-1445,303
-1120,270
-967,59
-1040,-116
-1199,-209
-1441,-172
-1650,13
-1676,310
-1649,544
-1548,839
-1287,1013
-1068,1037
-1040,1029
-1027,1159
-891,1264
-790,1425
-556,1556
-369,1597
-156,1741
235,1795
652,1634
854,1243
700,844
455,737
272,810
261,1005
337,1175
584,1372
982,1328
1264,1060
1281,731
1207,498
969,355
770,577
938,849
1268,888
1581,737
1780,417
1786,107
1706,-134
1568,-353
1345,-531
1119,-529
988,-451
960,-290
1147,-205
1235,-246
1381,-322
1475,-561
1344,-795
1112,-880
RX_END==============================================
Chirp_06==================================
RX1==============================================
-87,-175
-156,-84
-139,4
-77,79
-9,77
28,43
73,34
136,-1
192,-43
218,-102
212,-168
154,-199
120,-175
119,-181
81,-182
41,-161
76,-156
100,-147
89,-170
3,-179
-60,-61
12,78
138,135
287,129
449,24
479,-143
408,-224
350,-235
308,-227
310,-274
242,-332
203,-267
276,-203
330,-264
272,-361
171,-344
124,-283
177,-196
240,-186
239,-161
355,-86
518,-102
660,-219
725,-410
647,-609
481,-670
409,-633
463,-576
618,-693
566,-921
348,-1051
156,-1008
130,-905
165,-924
136,-1008
37,-1093
-50,-1053
-94,-999
-114,-963
-99,-952
-56,-946
73,-1014
73,-1252
-103,-1476
-370,-1608
-659,-1669
-1007,-1596
-1192,-1324
-1176,-1088
-1111,-996
-1099,-979
-1148,-1008
-1282,-1063
-1555,-1070
-1911,-881
-2066,-409
-1844,111
-1432,327
-1106,289
-950,36
-1041,-139
-1206,-209
-1431,-186
-1652,26
-1674,350
-1635,563
-1529,847
-1283,1024
-1070,1021
-1040,1006
-1050,1146
-921,1291
-810,1458
-572,1589
-367,1632
-125,1744
249,1762
610,1591
821,1196
662,835
427,777
281,853
276,1011
360,1149
588,1345
986,1344
1289,1085
1293,749
1221,526
1014,367
812,579
969,844
1271,893
1560,744
1750,467
1781,141
1724,-126
1613,-359
1372,-549
1110,-531
967,-422
951,-246
1116,-180
1195,-246
1382,-324
1474,-557
1351,-826
1111,-929
RX_END==============================================
Chirp_07==================================
RX1==============================================
-101,-158
-167,-62
-150,47
-95,105
-18,89
31,49
62,57
120,33
169,-21
197,-84
212,-144
158,-177
137,-165
127,-189
71,-210
30,-168
54,-137
58,-133
54,-153
0,-175
-49,-44
15,81
139,131
292,117
427,13
432,-141
404,-208
336,-246
302,-257
330,-306
246,-326
181,-236
251,-196
332,-256
302,-348
180,-340
133,-258
171,-178
251,-163
238,-112
365,-49
522,-99
658,-198
741,-383
676,-596
502,-671
404,-628
436,-569
578,-671
548,-901
371,-1034
179,-1015
132,-910
181,-940
150,-1034
37,-1072
-62,-1000
-96,-984
-88,-988
-91,-966
-50,-938
55,-1023
53,-1245
-108,-1471
-352,-1603
-637,-1684
-998,-1618
-1223,-1340
-1201,-1114
-1126,-1028
-1116,-973
-1159,-1000
-1287,-1052
-1555,-1067
-1925,-907
-2095,-427
-1894,122
-1457,347
-1119,317
-951,68
-1026,-137
-1193,-234
-1429,-189
-1679,27
-1724,332
-1686,548
-1535,855
-1242,1020
-1041,1019
-1028,994
-1041,1153
-932,1307
-834,1450
-567,1636
-343,1666
-105,1762
274,1773
616,1568
812,1203
665,856
443,789
298,856
298,999
376,1147
609,1344
981,1309
1242,1066
1281,775
1227,559
989,368
802,579
977,802
1258,872
1532,752
1736,445
1791,143
1737,-121
1611,-376
1369,-568
1121,-561
984,-466
935,-296
1118,-189
1210,-227
1377,-306
1477,-555
1326,-820
1076,-930
RX_END==============================================
Chirp_08==================================
RX1==============================================
-45,-180
-135,-80
-145,22
-97,86
3,93
50,77
89,73
134,40
176,-12
213,-60
203,-138
158,-186
147,-153
142,-180
115,-211
80,-192
79,-164
59,-163
54,-166
3,-149
-55,-40
31,74
140,124
267,119
428,0
429,-149
370,-211
326,-242
328,-248
333,-309
245,-342
169,-257
219,-204
306,-281
251,-335
171,-321
150,-259
172,-203
221,-196
222,-151
348,-58
530,-95
672,-197
758,-367
676,-604
512,-670
415,-631
448,-577
608,-660
576,-877
388,-1027
187,-1042
138,-963
158,-957
132,-1027
23,-1082
-61,-1017
-74,-976
-86,-982
-74,-969
-58,-957
35,-1032
44,-1247
-106,-1468
-309,-1606
-582,-1677
-962,-1604
-1185,-1344
-1192,-1109
-1153,-1002
-1140,-991
-1166,-988
-1268,-1050
-1525,-1069
-1877,-890
-2054,-430
-1873,102
-1461,337
-1126,316
-941,91
-1013,-145
-1172,-239
-1413,-243
-1690,-42
-1717,299
-1677,532
-1551,876
-1247,1065
-1030,1028
-1020,982
-1050,1129
-971,1274
-861,1459
-561,1650
-324,1685
-84,1766
258,1753
580,1571
790,1228
649,882
445,813
329,869
339,1020
419,1169
619,1332
960,1312
1215,1062
1275,787
1244,578
1026,408
821,577
962,806
1248,861
1538,748
1759,487
1781,159
1727,-118
1616,-363
1410,-552
1118,-555
938,-481
913,-272
1105,-163
1245,-183
1385,-270
1498,-554
1340,-844
1090,-942
RX_END==============================================
Chirp_09==================================
RX1==============================================
-54,-184
-120,-104
-118,19
-58,88
9,93
42,69
94,53
150,35
194,-15
205,-90
194,-163
142,-164
149,-155
139,-197
103,-226
79,-188
59,-166
43,-159
47,-167
4,-164
-44,-65
27,62
137,114
295,120
430,9
438,-145
376,-214
334,-235
331,-242
340,-305
248,-358
186,-298
237,-205
312,-247
269,-312
178,-302
159,-254
194,-218
231,-211
224,-168
348,-68
526,-87
687,-201
768,-392
702,-625
520,-714
392,-683
418,-573
596,-647
574,-892
394,-1050
201,-1039
139,-933
157,-941
138,-1022
35,-1055
-54,-1020
-58,-984
-67,-973
-72,-976
-46,-956
49,-1018
47,-1241
-97,-1449
-349,-1593
-617,-1685
-962,-1611
-1206,-1351
-1205,-1126
-1133,-1011
-1153,-972
-1176,-994
-1262,-1056
-1534,-1086
-1887,-883
-2075,-418
-1907,96
-1477,331
-1121,324
-916,102
-965,-133
-1159,-226
-1428,-233
-1691,-25
-1703,328
-1664,568
-1556,882
-1267,1034
-1021,1022
-1012,973
-1043,1101
-954,1282
-851,1460
-548,1649
-291,1679
-67,1741
253,1729
583,1547
783,1193
658,883
471,831
339,899
324,1023
399,1127
625,1285
951,1262
1215,1038
1226,771
1238,550
1057,384
842,565
969,767
1240,832
1531,714
1755,462
1812,176
1768,-91
1649,-350
1433,-560
1114,-575
947,-460
903,-270
1074,-170
1212,-218
1385,-276
1474,-545
1359,-841
1083,-945
RX_END==============================================
Chirp_10==================================
RX1==============================================
-40,-173
-130,-85
-145,10
-93,99
2,109
43,63
81,49
144,27
162,-39
186,-96
193,-144
136,-149
134,-155
128,-200
101,-214
61,-199
52,-179
37,-163
61,-156
30,-155
-25,-52
37,36
139,96
287,111
421,6
428,-145
391,-209
349,-241
317,-248
329,-300
228,-360
154,-270
240,-198
301,-249
261,-321
202,-315
167,-256
183,-200
230,-192
219,-139
339,-43
519,-75
650,-183
733,-396
665,-612
501,-684
412,-658
423,-576
588,-658
552,-883
380,-1049
198,-1042
127,-964
159,-978
141,-1031
10,-1064
-76,-1004
-73,-965
-76,-961
-64,-966
-46,-953
28,-1026
21,-1250
-118,-1451
-328,-1591
-600,-1697
-966,-1632
-1182,-1370
-1206,-1146
-1140,-1018
-1155,-991
-1173,-996
-1251,-1029
-1496,-1091
-1863,-928
-2070,-462
-1912,85
-1508,342
-1142,302
-923,85
-984,-137
-1171,-243
-1421,-247
-1701,-39
-1749,289
-1696,552
-1542,892
-1239,1032
-1029,1016
-1012,967
-1062,1097
-954,1261
-859,1454
-586,1645
-331,1685
-75,1742
292,1735
611,1545
763,1201
615,866
399,817
284,899
318,1026
425,1161
634,1330
983,1319
1223,1077
1222,780
1209,599
1037,398
845,576
990,803
1249,833
1533,741
1744,471
1802,177
1776,-93
1650,-342
1403,-555
1113,-569
949,-485
912,-266
1083,-164
1200,-209
1405,-281
1513,-560
1352,-842
1085,-927
RX_END==============================================
IQ_DATA_END=============================================
DBG:..\SRC\or_mw.c:85:proc_read_fifo(): Read FIFO Size=5128 from address 0x10000
DBG:..\SRC\or_mw.c:578:or_ez_IQ_mode(): Frame Interval=333ms
frameEnd FIFO Pos=5124
Rx channel: 0x1
Chirp number: 10
Chirp points: 128
Bandwidth_MHz: 6800
Chirp time_us: 55
FS_IQ_KHz: 2500.000000
IQ_DATA_START==================================
Chirp_01==================================
RX1==============================================
-94,-130
-139,-58
-136,8
-91,101
-17,120
26,75
67,34
118,4
175,-2
210,-38
242,-146
162,-201
111,-191
78,-218
48,-205
49,-156
87,-152
85,-165
52,-177
-17,-149
-20,-44
51,37
116,62
251,102
415,30
467,-137
422,-267
326,-306
271,-266
316,-267
269,-295
231,-261
252,-250
252,-303
226,-310
196,-306
171,-294
146,-241
179,-187
236,-98
386,-51
539,-141
625,-242
678,-379
653,-550
561,-638
461,-668
436,-621
560,-670
544,-867
405,-1048
195,-1072
91,-941
127,-900
159,-964
80,-1064
-47,-1084
-139,-1050
-188,-974
-125,-907
3,-907
116,-1032
44,-1265
-114,-1465
-310,-1592
-604,-1707
-1007,-1650
-1230,-1325
-1189,-1071
-1067,-988
-1078,-1050
-1186,-1095
-1354,-1125
-1578,-1052
-1887,-827
-2042,-417
-1872,69
-1466,300
-1123,274
-961,82
-1025,-114
-1214,-224
-1460,-193
-1673,25
-1662,323
-1649,519
-1580,834
-1327,1035
-1092,1073
-1019,1021
-1005,1125
-907,1282
-826,1451
-587,1611
-356,1660
-107,1767
273,1758
615,1574
793,1242
670,874
459,787
340,815
300,986
379,1160
625,1340
992,1299
1244,1035
1260,757
1211,530
1005,368
820,563
985,788
1260,869
1561,780
1801,499
1822,147
1727,-128
1604,-363
1390,-551
1095,-529
934,-422
932,-244
1116,-172
1213,-222
1355,-303
1451,-565
1337,-838
1082,-918
RX_END==============================================
Chirp_02==================================
RX1==============================================
-72,-148
-106,-61
-127,0
-100,82
-12,105
43,68
93,46
142,19
141,-25
184,-60
216,-153
152,-195
108,-217
87,-230
64,-185
69,-154
79,-142
72,-162
33,-168
-23,-117
-9,-24
51,55
121,87
258,120
422,51
456,-111
398,-223
305,-279
274,-248
304,-265
269,-308
229,-295
254,-269
276,-291
247,-313
191,-326
170,-302
163,-245
195,-188
204,-71
388,-12
559,-129
628,-247
671,-397
652,-552
566,-641
470,-675
448,-623
553,-666
563,-855
426,-1020
213,-1067
90,-964
111,-906
144,-969
70,-1072
-26,-1093
-92,-1063
-133,-960
-99,-903
5,-915
103,-1065
48,-1285
-116,-1459
-332,-1575
-607,-1680
-1011,-1638
-1245,-1343
-1208,-1053
-1085,-942
-1061,-1011
-1145,-1066
-1338,-1082
-1595,-1046
-1887,-842
-2056,-418
-1909,104
-1500,359
-1160,328
-957,117
-1011,-110
-1211,-226
-1460,-219
-1661,6
-1659,344
-1628,536
-1555,842
-1315,1045
-1068,1060
-986,1000
-1020,1091
-950,1248
-856,1454
-572,1644
-343,1681
-87,1736
277,1741
596,1595
785,1245
657,893
454,801
297,842
281,977
378,1140
636,1313
1007,1294
1246,1054
1240,779
1224,578
1006,392
815,537
948,755
1220,846
1519,765
1759,485
1829,158
1767,-125
1631,-390
1403,-571
1116,-581
967,-458
915,-249
1083,-162
1206,-205
1364,-310
1471,-581
1336,-863
1078,-941
RX_END==============================================
Chirp_03==================================
RX1==============================================
-100,-163
-145,-84
-147,4
-107,67
-6,78
41,54
92,37
135,-6
145,-42
168,-55
189,-116
168,-176
109,-171
83,-195
55,-187
51,-167
59,-171
52,-184
22,-166
-3,-116
-24,-21
55,34
150,58
248,98
393,51
477,-108
439,-234
348,-280
275,-256
296,-259
271,-296
233,-271
223,-275
251,-293
250,-312
212,-297
177,-264
149,-240
163,-204
227,-117
417,-59
560,-138
638,-238
697,-382
656,-567
544,-651
452,-687
431,-626
546,-668
546,-863
427,-1042
208,-1067
96,-960
127,-912
160,-960
80,-1043
-41,-1058
-110,-1051
-144,-972
-107,-906
-4,-925
91,-1053
18,-1278
-134,-1452
-326,-1593
-588,-1693
-1013,-1647
-1276,-1330
-1237,-1024
-1092,-929
-1055,-991
-1146,-1047
-1300,-1065
-1561,-1053
-1872,-850
-2042,-430
-1900,88
-1494,328
-1172,314
-943,128
-986,-128
-1214,-255
-1474,-198
-1703,19
-1692,333
-1678,527
-1601,830
-1306,1053
-1068,1060
-1008,989
-1010,1107
-936,1259
-844,1465
-577,1653
-307,1685
-47,1768
297,1715
584,1532
777,1234
644,896
453,805
325,870
287,1014
370,1165
616,1312
967,1264
1208,1026
1223,775
1200,590
1039,404
852,541
985,754
1220,824
1496,755
1743,517
1827,192
1786,-104
1651,-368
1418,-565
1121,-563
951,-465
916,-269
1073,-165
1208,-219
1399,-311
1487,-589
1352,-861
1076,-934
RX_END==============================================
Chirp_04==================================
RX1==============================================
-88,-134
-133,-47
-137,32
-77,93
2,113
47,78
90,47
130,13
159,-19
174,-63
185,-127
162,-168
152,-169
125,-202
93,-204
57,-182
44,-179
44,-146
24,-149
-30,-124
-23,-25
68,54
134,48
236,79
415,49
482,-117
438,-222
340,-279
281,-243
298,-240
280,-294
209,-279
223,-241
254,-272
241,-280
188,-268
177,-275
175,-246
160,-197
198,-107
381,-56
532,-133
630,-244
700,-398
657,-569
544,-660
439,-700
405,-611
554,-641
576,-855
455,-1000
226,-1055
87,-980
96,-922
123,-966
43,-1023
-31,-1057
-97,-1022
-139,-933
-111,-902
-19,-949
71,-1096
25,-1296
-124,-1446
-317,-1572
-580,-1712
-993,-1685
-1249,-1367
-1240,-1073
-1103,-952
-1094,-978
-1155,-1059
-1309,-1106
-1556,-1087
-1876,-876
-2038,-448
-1889,62
-1499,331
-1150,340
-903,157
-949,-110
-1183,-272
-1440,-255
-1700,-14
-1722,319
-1701,533
-1608,857
-1293,1050
-1040,1070
-998,988
-1020,1073
-944,1230
-865,1458
-578,1676
-313,1704
-57,1753
292,1727
582,1539
729,1225
615,902
438,820
316,883
312,1022
403,1182
629,1310
971,1264
1199,1056
1232,803
1235,611
1061,426
878,565
979,762
1208,801
1495,728
1759,519
1816,199
1764,-125
1628,-392
1401,-577
1097,-590
936,-501
919,-297
1102,-170
1231,-185
1398,-274
1505,-557
1363,-858
1056,-950
RX_END==============================================
Chirp_05==================================
RX1==============================================
-96,-154
-131,-73
-135,35
-109,116
-3,130
75,95
120,50
143,-9
150,-36
166,-53
214,-124
173,-165
136,-178
106,-218
64,-206
52,-178
58,-162
35,-172
23,-142
-20,-102
-26,-15
96,65
160,75
249,94
413,42
455,-98
430,-219
336,-276
270,-259
301,-273
258,-321
219,-310
227,-298
222,-287
229,-281
210,-273
207,-271
182,-260
156,-207
195,-101
389,-45
559,-112
650,-242
690,-398
657,-563
558,-668
451,-712
393,-621
536,-640
557,-829
446,-1020
244,-1075
105,-973
131,-922
133,-981
37,-1022
-42,-1025
-106,-1018
-135,-950
-85,-953
17,-968
64,-1081
-10,-1306
-126,-1463
-326,-1576
-566,-1695
-964,-1668
-1236,-1366
-1253,-1074
-1131,-965
-1110,-997
-1188,-1052
-1321,-1070
-1546,-1055
-1884,-866
-2053,-454
-1910,50
-1512,326
-1145,342
-933,148
-954,-118
-1164,-266
-1425,-249
-1691,3
-1698,350
-1673,556
-1578,885
-1290,1082
-1042,1101
-981,1004
-1028,1065
-989,1220
-906,1444
-587,1665
-323,1724
-57,1743
289,1695
568,1489
728,1192
635,890
453,825
326,900
333,1030
449,1168
676,1316
987,1259
1198,1048
1188,814
1195,647
1084,436
884,537
974,733
1197,783
1461,729
1705,498
1797,192
1765,-91
1648,-365
1413,-592
1127,-590
942,-486
901,-282
1082,-180
1223,-190
1418,-280
1534,-558
1362,-842
1058,-954
RX_END==============================================
Chirp_06==================================
RX1==============================================
-88,-158
-150,-69
-157,27
-124,124
-18,128
44,83
85,48
141,20
161,-28
178,-60
203,-113
165,-158
147,-162
116,-198
69,-206
46,-188
56,-183
26,-166
-7,-157
-42,-112
-18,-2
83,57
148,63
246,107
396,56
456,-86
416,-210
324,-268
275,-223
320,-245
280,-306
218,-289
231,-254
241,-268
228,-281
206,-279
213,-261
196,-259
176,-231
211,-114
380,-28
520,-108
623,-229
696,-369
665,-552
572,-683
460,-723
400,-642
521,-653
545,-827
452,-984
235,-1063
104,-1000
112,-925
117,-981
57,-1050
-9,-1002
-88,-1005
-135,-954
-81,-924
-7,-945
68,-1095
5,-1298
-144,-1426
-328,-1543
-587,-1679
-979,-1673
-1248,-1390
-1256,-1089
-1115,-964
-1100,-999
-1182,-1041
-1302,-1069
-1538,-1056
-1857,-871
-2054,-466
-1943,29
-1536,330
-1174,341
-928,134
-940,-105
-1158,-252
-1456,-252
-1727,-42
-1726,316
-1697,553
-1583,901
-1273,1089
-1020,1056
-960,977
-1030,1062
-991,1239
-903,1498
-631,1719
-339,1735
-60,1771
297,1718
590,1506
724,1184
613,888
422,824
322,890
335,1032
450,1183
689,1295
990,1253
1176,1039
1187,810
1199,668
1063,451
872,555
983,732
1196,753
1460,712
1695,499
1788,217
1766,-62
1683,-352
1429,-571
1113,-596
953,-497
889,-283
1049,-170
1209,-181
1420,-248
1528,-542
1381,-858
1079,-968
RX_END==============================================
Chirp_07==================================
RX1==============================================
-83,-157
-154,-81
-166,15
-107,90
-14,124
51,92
102,29
134,-16
149,-42
183,-60
203,-144
165,-194
142,-171
131,-198
78,-192
58,-174
62,-172
31,-179
-5,-155
-37,-94
-11,12
99,67
172,63
253,82
393,49
449,-83
405,-210
326,-255
276,-221
310,-239
290,-315
224,-303
223,-290
238,-281
237,-278
241,-275
228,-259
187,-249
161,-203
184,-96
366,-39
549,-123
658,-238
713,-368
687,-574
600,-685
470,-719
402,-640
523,-637
548,-828
455,-990
253,-1075
120,-1004
134,-958
115,-1016
14,-1033
-37,-1019
-87,-1005
-122,-965
-64,-971
10,-996
78,-1101
0,-1286
-155,-1435
-337,-1551
-567,-1651
-950,-1672
-1233,-1398
-1236,-1079
-1127,-961
-1106,-990
-1168,-1020
-1293,-1043
-1537,-1046
-1845,-863
-2038,-463
-1934,43
-1564,337
-1185,349
-932,138
-961,-125
-1157,-301
-1446,-276
-1714,-35
-1720,325
-1681,556
-1578,904
-1267,1088
-1001,1074
-934,965
-1001,1018
-988,1196
-921,1447
-649,1673
-300,1747
-1,1796
343,1728
595,1490
727,1171
605,877
410,828
321,926
359,1072
476,1188
689,1283
974,1212
1139,1000
1151,790
1179,653
1069,465
920,570
1031,744
1229,745
1465,702
1684,496
1742,197
1746,-68
1684,-354
1465,-573
1171,-618
949,-525
869,-314
1031,-153
1201,-145
1421,-246
1528,-538
1410,-876
1079,-984
RX_END==============================================
Chirp_08==================================
RX1==============================================
-78,-151
-137,-72
-156,19
-128,101
-34,115
55,89
105,46
148,-12
158,-54
158,-66
181,-143
150,-165
125,-165
120,-202
90,-208
59,-202
49,-190
55,-171
31,-143
-1,-102
20,-17
111,38
182,57
245,75
398,30
445,-104
408,-223
328,-277
280,-254
299,-251
275,-305
227,-295
221,-274
210,-259
229,-252
234,-269
228,-275
217,-257
184,-228
212,-114
376,-28
532,-116
645,-220
712,-374
687,-566
562,-679
432,-725
392,-640
511,-644
553,-823
441,-987
247,-1062
110,-1012
114,-956
101,-1005
26,-1056
-41,-1013
-90,-978
-96,-934
-62,-921
-9,-938
49,-1091
-44,-1294
-166,-1430
-332,-1546
-560,-1643
-948,-1673
-1237,-1392
-1254,-1104
-1141,-982
-1102,-995
-1167,-1030
-1320,-1053
-1525,-1027
-1823,-863
-2019,-468
-1914,42
-1528,330
-1170,352
-920,154
-927,-99
-1146,-251
-1431,-250
-1704,-12
-1720,324
-1673,550
-1583,895
-1261,1083
-1020,1051
-922,970
-969,1041
-988,1207
-921,1444
-638,1688
-315,1737
-15,1759
328,1695
582,1474
704,1160
589,868
385,816
302,916
333,1049
430,1164
675,1277
957,1199
1152,1026
1167,834
1189,679
1067,469
906,554
1018,722
1246,763
1477,707
1687,501
1756,225
1742,-16
1668,-312
1453,-562
1143,-596
932,-491
884,-282
1041,-152
1190,-160
1413,-237
1553,-529
1423,-868
1099,-1009
RX_END==============================================
Chirp_09==================================
RX1==============================================
-81,-153
-173,-62
-183,10
-138,90
-22,126
55,85
128,29
161,-16
162,-54
184,-71
182,-128
154,-155
141,-185
121,-208
70,-200
38,-195
44,-179
43,-151
23,-154
-9,-124
1,-14
99,30
168,48
246,73
388,29
446,-105
415,-224
335,-279
271,-233
317,-249
273,-325
216,-323
209,-291
213,-276
209,-289
229,-289
242,-266
211,-285
165,-249
187,-110
370,-42
535,-102
646,-216
706,-385
680,-574
554,-694
449,-743
396,-677
513,-673
545,-847
457,-998
277,-1076
117,-1045
108,-980
109,-1018
17,-1055
-43,-1006
-90,-993
-108,-931
-65,-910
17,-959
82,-1127
-12,-1300
-149,-1403
-335,-1539
-562,-1663
-945,-1673
-1228,-1394
-1247,-1113
-1145,-995
-1101,-1016
-1178,-1039
-1300,-1053
-1517,-1033
-1842,-883
-2012,-488
-1922,30
-1561,343
-1190,384
-941,181
-952,-108
-1146,-302
-1416,-281
-1711,-56
-1751,301
-1723,528
-1599,873
-1272,1098
-1012,1078
-923,966
-970,1034
-996,1209
-938,1482
-638,1699
-316,1759
-23,1784
300,1690
564,1456
711,1141
608,860
403,822
295,908
330,1046
440,1182
685,1294
977,1214
1162,985
1192,777
1196,642
1080,462
899,570
1031,743
1214,775
1457,699
1683,491
1755,212
1734,-58
1672,-355
1451,-594
1165,-636
965,-538
891,-320
1055,-188
1200,-168
1431,-245
1533,-546
1387,-878
1071,-989
RX_END==============================================
Chirp_10==================================
RX1==============================================
-84,-162
-153,-90
-161,9
-132,100
-37,128
52,100
122,30
157,-32
156,-47
177,-63
223,-136
179,-178
173,-188
142,-226
83,-228
80,-194
60,-165
26,-166
-13,-145
-36,-108
-10,-4
94,45
177,50
249,91
397,39
440,-102
398,-221
320,-277
272,-240
321,-260
286,-312
212,-315
214,-292
231,-295
245,-302
231,-280
223,-269
201,-293
156,-250
178,-118
366,-45
523,-108
623,-237
707,-383
676,-554
557,-656
448,-692
390,-640
495,-646
528,-823
444,-970
264,-1063
118,-1005
112,-941
128,-1004
25,-1049
-45,-1010
-91,-1030
-122,-975
-87,-931
-12,-945
49,-1102
-47,-1284
-182,-1413
-324,-1531
-544,-1636
-950,-1648
-1233,-1390
-1242,-1105
-1158,-974
-1120,-988
-1149,-1018
-1290,-1031
-1516,-1044
-1816,-870
-2018,-483
-1924,18
-1548,336
-1175,354
-913,158
-936,-119
-1135,-268
-1437,-260
-1714,-42
-1737,302
-1707,525
-1593,861
-1255,1066
-981,1050
-943,987
-1015,1058
-1011,1212
-955,1426
-665,1634
-316,1735
4,1760
352,1707
613,1471
724,1158
607,892
416,827
312,902
331,1074
444,1202
694,1299
963,1203
1150,980
1168,785
1186,674
1049,485
891,596
1029,748
1210,751
1441,700
1678,510
1759,220
1775,-66
1684,-362
1451,-613
1153,-633
960,-543
896,-302
1030,-174
1192,-160
1406,-219
1525,-513
1396,-884
1063,-997
RX_END==============================================
IQ_DATA_END=============================================
DBG:..\SRC\or_mw.c:85:proc_read_fifo(): Read FIFO Size=5128 from address 0x10000
DBG:..\SRC\or_mw.c:578:or_ez_IQ_mode(): Frame Interval=333ms
frameEnd FIFO Pos=5124
Rx channel: 0x1
Chirp number: 10
Chirp points: 128
Bandwidth_MHz: 6800
Chirp time_us: 55
FS_IQ_KHz: 2500.000000
IQ_DATA_START==================================
Chirp_01==================================
RX1==============================================
-105,-137
-130,-55
-119,25
-109,91
-24,121
66,93
94,59
131,26
150,-17
170,-47
210,-109
171,-169
140,-194
106,-226
54,-218
37,-161
55,-159
71,-182
46,-163
-30,-115
-30,4
50,61
135,58
246,67
391,31
462,-105
413,-214
321,-289
270,-260
288,-250
257,-296
238,-283
267,-282
255,-317
196,-305
160,-270
204,-247
206,-252
165,-213
179,-82
388,-31
572,-116
633,-254
647,-401
627,-553
559,-618
478,-670
438,-646
534,-685
515,-842
407,-998
240,-1066
111,-980
110,-900
123,-955
66,-1010
-18,-1027
-96,-1042
-156,-973
-136,-889
-17,-882
108,-1071
35,-1312
-153,-1479
-365,-1574
-603,-1666
-957,-1650
-1235,-1379
-1251,-1063
-1110,-926
-1057,-1000
-1160,-1073
-1335,-1120
-1606,-1084
-1911,-842
-2039,-421
-1875,69
-1465,330
-1145,314
-964,107
-1002,-124
-1198,-255
-1456,-246
-1676,11
-1664,346
-1649,539
-1564,855
-1302,1039
-1088,1084
-1008,1031
-1012,1097
-941,1220
-862,1414
-602,1649
-335,1694
-72,1748
276,1707
554,1516
735,1236
653,917
467,812
321,861
282,993
388,1175
618,1336
937,1294
1194,1049
1224,790
1213,627
1069,420
868,535
964,751
1210,819
1504,758
1764,530
1839,189
1775,-105
1627,-373
1398,-561
1087,-563
945,-464
888,-252
1065,-159
1206,-220
1385,-293
1501,-569
1352,-877
1046,-940
RX_END==============================================
Chirp_02==================================
RX1==============================================
-123,-130
-180,-57
-144,24
-115,100
-35,119
42,78
109,38
164,0
149,-29
149,-49
215,-118
181,-173
148,-184
111,-218
65,-206
54,-164
66,-157
63,-182
33,-172
-25,-110
-25,-5
69,48
158,60
245,86
396,27
444,-102
431,-235
332,-311
257,-265
302,-249
275,-295
245,-276
274,-290
273,-307
222,-302
202,-270
211,-250
198,-254
161,-212
197,-76
389,-10
553,-129
632,-257
669,-418
636,-571
574,-632
486,-683
408,-653
530,-679
527,-857
423,-991
245,-1058
98,-993
115,-947
129,-981
60,-1018
-17,-1039
-89,-1060
-165,-986
-136,-904
14,-889
136,-1043
33,-1298
-166,-1435
-358,-1555
-576,-1672
-986,-1670
-1265,-1387
-1279,-1083
-1112,-951
-1037,-990
-1136,-1045
-1305,-1102
-1588,-1105
-1913,-856
-2054,-434
-1882,62
-1485,316
-1152,296
-932,116
-969,-91
-1148,-247
-1434,-241
-1718,6
-1697,361
-1648,564
-1563,833
-1303,1012
-1114,1054
-1020,1022
-1016,1100
-961,1220
-889,1423
-610,1642
-319,1687
-63,1759
301,1735
582,1522
741,1213
640,899
442,824
342,860
348,1018
392,1161
632,1303
977,1255
1201,1019
1217,782
1206,608
1039,406
875,528
1018,737
1241,797
1522,749
1741,516
1792,192
1740,-88
1626,-380
1412,-595
1106,-588
935,-476
914,-272
1086,-162
1216,-187
1399,-274
1491,-551
1344,-857
1046,-950
RX_END==============================================
Chirp_03==================================
RX1==============================================
-96,-157
-148,-66
-149,14
-133,95
-54,127
33,94
95,63
139,-7
152,-56
168,-60
218,-121
204,-170
186,-190
146,-221
69,-214
54,-175
66,-169
63,-183
46,-156
-20,-109
-31,-12
84,62
172,64
262,62
392,29
430,-86
412,-211
321,-289
267,-265
290,-271
270,-307
252,-296
244,-283
221,-302
187,-299
189,-274
226,-266
214,-267
155,-224
183,-101
379,-26
543,-105
638,-229
688,-367
642,-533
569,-635
488,-698
419,-638
524,-668
535,-830
444,-988
271,-1079
101,-1019
99,-945
107,-970
40,-1032
-14,-1038
-103,-1039
-145,-989
-87,-913
11,-920
84,-1097
6,-1311
-151,-1455
-345,-1552
-570,-1653
-962,-1674
-1241,-1389
-1265,-1085
-1154,-949
-1073,-981
-1141,-1058
-1300,-1114
-1546,-1076
-1880,-837
-2030,-417
-1880,70
-1505,313
-1178,321
-942,136
-970,-126
-1177,-265
-1455,-274
-1714,-40
-1722,329
-1672,554
-1547,861
-1299,1028
-1074,1056
-967,993
-982,1065
-955,1202
-899,1449
-628,1693
-335,1740
-36,1758
328,1702
586,1513
725,1192
628,884
444,804
326,877
309,1015
402,1159
634,1304
965,1225
1164,1001
1200,784
1230,624
1085,425
875,549
975,714
1215,765
1458,742
1705,539
1803,224
1774,-96
1657,-364
1410,-580
1105,-582
941,-469
907,-267
1059,-136
1192,-159
1379,-266
1479,-548
1341,-871
1040,-969
RX_END==============================================
Chirp_04==================================
RX1==============================================
-94,-165
-158,-78
-178,34
-133,114
-15,134
69,107
111,62
165,12
168,-53
173,-66
214,-118
182,-169
161,-171
120,-209
79,-220
72,-178
85,-164
47,-171
14,-143
-42,-86
-13,22
90,70
145,56
245,78
390,27
444,-114
416,-228
351,-275
282,-239
310,-235
284,-287
239,-276
241,-287
215,-290
191,-269
199,-256
224,-257
202,-259
161,-233
188,-103
365,-17
537,-119
649,-236
715,-378
672,-544
556,-646
462,-717
385,-674
478,-668
500,-836
431,-987
280,-1055
134,-1003
120,-948
132,-972
39,-1002
-14,-983
-61,-1000
-104,-951
-84,-904
8,-910
83,-1085
-2,-1290
-162,-1411
-348,-1542
-555,-1648
-931,-1651
-1232,-1386
-1265,-1075
-1141,-941
-1070,-974
-1144,-1023
-1311,-1044
-1570,-1044
-1883,-825
-2028,-439
-1916,57
-1539,347
-1172,357
-922,150
-938,-127
-1165,-288
-1453,-256
-1736,-3
-1755,347
-1680,574
-1567,878
-1266,1072
-1028,1068
-956,1007
-1004,1064
-985,1209
-904,1443
-623,1692
-311,1754
-31,1791
341,1725
613,1493
711,1192
591,886
421,838
331,926
358,1073
446,1215
695,1322
985,1212
1153,1013
1186,810
1210,661
1091,465
896,553
1010,716
1213,758
1444,707
1660,511
1768,228
1771,-66
1675,-363
1436,-596
1148,-619
958,-520
878,-304
1022,-146
1194,-148
1423,-234
1542,-525
1405,-862
1080,-976
RX_END==============================================
Chirp_05==================================
RX1==============================================
-61,-176
-134,-93
-150,-9
-120,87
-12,116
73,74
137,26
153,-21
128,-78
139,-85
169,-120
152,-155
151,-157
122,-225
70,-225
53,-193
69,-171
59,-172
14,-158
-44,-102
-12,-4
106,39
173,42
251,48
387,21
443,-111
415,-214
323,-292
256,-277
320,-280
292,-328
226,-295
220,-283
226,-298
187,-284
196,-262
216,-266
192,-290
141,-250
174,-117
373,-20
541,-94
649,-226
700,-374
648,-547
560,-653
463,-715
404,-668
505,-676
520,-830
439,-984
277,-1057
124,-1018
93,-967
89,-1022
-2,-1047
-62,-994
-89,-992
-127,-964
-76,-930
10,-931
105,-1107
-4,-1300
-173,-1405
-330,-1533
-538,-1635
-933,-1661
-1227,-1409
-1235,-1113
-1136,-963
-1105,-964
-1162,-1034
-1296,-1093
-1536,-1058
-1862,-857
-2038,-471
-1929,15
-1542,316
-1181,365
-942,167
-953,-124
-1161,-323
-1455,-301
-1739,-39
-1745,331
-1660,540
-1568,874
-1278,1062
-1041,1049
-987,981
-1011,1023
-1000,1188
-924,1449
-653,1690
-315,1758
-14,1768
333,1714
610,1481
715,1141
603,854
433,817
303,888
313,1028
406,1149
678,1277
993,1219
1166,989
1170,782
1179,671
1079,482
909,573
1023,718
1229,746
1438,708
1676,512
1776,226
1767,-63
1664,-359
1432,-584
1144,-597
932,-521
862,-331
1026,-195
1184,-155
1413,-217
1546,-531
1401,-878
1075,-984
RX_END==============================================
Chirp_06==================================
RX1==============================================
-79,-153
-164,-60
-159,9
-124,87
-32,136
63,99
120,38
156,-6
157,-54
147,-68
169,-119
172,-145
200,-144
157,-217
99,-218
68,-192
55,-174
41,-176
-30,-167
-63,-92
0,13
121,82
186,60
244,71
380,-4
444,-111
411,-202
334,-273
292,-247
312,-261
289,-339
234,-333
227,-319
206,-308
200,-276
211,-259
226,-258
224,-292
173,-262
183,-133
376,-49
543,-103
644,-215
707,-360
688,-533
582,-656
486,-729
402,-685
492,-668
518,-811
450,-952
302,-1053
160,-1017
125,-945
110,-996
20,-1043
-48,-1008
-96,-989
-95,-962
-69,-934
1,-954
92,-1131
-7,-1325
-189,-1405
-364,-1488
-561,-1624
-931,-1685
-1243,-1411
-1269,-1107
-1145,-957
-1108,-962
-1177,-1020
-1312,-1060
-1531,-1053
-1844,-873
-2019,-465
-1924,24
-1568,315
-1186,357
-912,191
-910,-68
-1122,-244
-1419,-283
-1717,-61
-1758,307
-1721,549
-1601,879
-1261,1105
-994,1103
-941,991
-988,1034
-983,1189
-927,1437
-649,1709
-333,1782
7,1795
373,1721
624,1477
719,1144
569,874
366,815
284,903
344,1060
460,1197
704,1273
992,1171
1133,971
1121,779
1148,653
1048,483
911,568
1031,711
1238,730
1443,686
1664,505
1761,215
1742,-50
1654,-329
1443,-568
1163,-616
946,-537
861,-295
1017,-158
1182,-134
1416,-226
1540,-520
1402,-847
1084,-984
RX_END==============================================
Chirp_07==================================
RX1==============================================
-61,-166
-118,-62
-159,20
-111,86
-11,127
77,97
124,44
142,-23
134,-68
130,-85
154,-136
148,-156
166,-162
158,-209
89,-213
48,-198
38,-178
28,-178
7,-168
-15,-105
8,9
97,57
186,42
260,46
373,-8
418,-103
389,-221
331,-276
288,-230
326,-249
305,-316
248,-298
233,-290
216,-301
197,-281
191,-249
234,-236
230,-273
181,-243
204,-105
371,-34
521,-95
628,-211
691,-371
657,-549
575,-657
463,-709
367,-666
463,-663
498,-804
446,-944
296,-1048
140,-1044
99,-986
103,-1039
33,-1064
-39,-1032
-82,-1007
-78,-947
-35,-935
17,-950
88,-1122
-19,-1328
-180,-1413
-332,-1527
-556,-1648
-926,-1649
-1208,-1406
-1250,-1117
-1153,-951
-1117,-975
-1161,-1026
-1289,-1040
-1517,-1055
-1838,-861
-2018,-477
-1946,-15
-1570,309
-1193,359
-928,183
-897,-61
-1111,-273
-1419,-286
-1712,-54
-1759,285
-1716,537
-1592,875
-1263,1105
-996,1104
-924,1000
-991,1030
-1001,1183
-958,1462
-661,1696
-309,1759
3,1782
336,1693
598,1459
700,1124
593,867
400,834
310,931
342,1066
468,1195
725,1299
1002,1196
1146,951
1128,779
1169,678
1084,521
950,584
1092,715
1249,717
1449,661
1649,480
1743,213
1742,-36
1663,-316
1430,-552
1137,-596
953,-528
843,-337
978,-199
1123,-167
1372,-202
1541,-510
1431,-852
1104,-984
RX_END==============================================
Chirp_08==================================
RX1==============================================
-94,-166
-141,-86
-151,9
-121,83
-31,127
53,116
115,67
142,-7
152,-77
140,-82
160,-90
134,-103
134,-126
121,-187
93,-192
60,-185
47,-187
22,-175
-18,-168
-44,-85
-14,27
80,58
169,32
234,40
362,-3
436,-110
408,-190
334,-267
289,-243
331,-247
303,-312
251,-312
230,-295
206,-292
208,-262
204,-231
211,-225
221,-264
177,-235
163,-115
321,-40
527,-94
637,-201
709,-363
688,-565
567,-666
469,-721
369,-682
450,-664
505,-801
459,-957
283,-1064
129,-1023
92,-967
96,-1009
16,-1053
-47,-1018
-87,-984
-128,-923
-67,-922
8,-969
75,-1117
-42,-1313
-182,-1418
-346,-1520
-555,-1629
-898,-1671
-1217,-1405
-1249,-1115
-1139,-986
-1117,-1003
-1179,-1036
-1300,-1049
-1534,-1059
-1824,-881
-2002,-507
-1916,3
-1575,323
-1200,354
-932,145
-906,-105
-1106,-256
-1425,-266
-1727,-59
-1761,302
-1707,559
-1595,905
-1274,1110
-1005,1090
-932,975
-964,1008
-993,1152
-964,1419
-662,1682
-329,1780
-10,1811
364,1705
635,1461
733,1135
573,873
388,822
290,916
316,1064
443,1185
700,1291
979,1182
1141,949
1146,785
1168,680
1082,508
938,594
1046,730
1248,736
1423,680
1655,498
1776,226
1760,-37
1688,-306
1452,-562
1142,-609
952,-545
845,-344
1003,-181
1173,-118
1395,-201
1538,-521
1409,-866
1078,-998
RX_END==============================================
Chirp_09==================================
RX1==============================================
-91,-160
-154,-81
-159,2
-135,87
-31,113
48,82
106,27
135,-31
125,-78
147,-81
193,-121
172,-135
164,-148
139,-221
101,-226
80,-204
55,-195
41,-183
12,-177
-18,-109
14,-1
115,66
193,73
258,80
372,29
427,-89
397,-204
325,-265
270,-247
303,-265
283,-309
237,-309
210,-293
178,-283
186,-248
205,-242
225,-229
232,-265
170,-246
183,-96
375,-12
539,-93
656,-212
714,-383
683,-579
603,-673
486,-744
386,-672
491,-651
540,-803
452,-980
277,-1065
149,-1050
95,-979
104,-1021
13,-1040
-52,-1000
-97,-1009
-129,-955
-63,-909
11,-962
74,-1132
-37,-1311
-164,-1416
-350,-1522
-558,-1635
-909,-1666
-1222,-1433
-1250,-1154
-1142,-990
-1122,-953
-1184,-1009
-1321,-1057
-1538,-1046
-1856,-856
-2022,-484
-1930,-2
-1581,328
-1201,365
-925,173
-928,-105
-1131,-287
-1431,-291
-1725,-49
-1751,307
-1699,548
-1580,905
-1266,1108
-1018,1066
-962,972
-1035,1010
-1024,1144
-963,1435
-702,1688
-351,1798
-14,1818
346,1708
606,1456
706,1130
582,877
399,844
307,914
358,1047
471,1195
718,1308
994,1194
1129,969
1143,782
1192,669
1105,492
946,590
1078,724
1252,717
1438,674
1656,503
1748,219
1744,-45
1683,-302
1452,-563
1174,-604
972,-526
880,-333
1018,-189
1171,-155
1400,-216
1547,-520
1434,-873
1095,-992
RX_END==============================================
Chirp_10==================================
RX1==============================================
-90,-141
-155,-58
-160,28
-127,106
-38,125
70,110
126,61
146,5
154,-38
163,-52
179,-116
136,-160
154,-160
144,-205
86,-219
65,-190
62,-173
56,-182
19,-165
-26,-85
2,26
89,73
141,72
212,70
359,25
449,-103
433,-210
342,-281
285,-242
317,-249
284,-304
230,-314
231,-317
206,-307
187,-289
210,-255
230,-257
228,-290
145,-253
156,-115
356,-24
538,-94
634,-220
688,-388
679,-569
579,-671
469,-725
378,-661
486,-654
510,-810
448,-954
297,-1051
154,-1010
116,-940
95,-969
25,-997
-25,-991
-99,-1000
-130,-943
-76,-911
1,-935
75,-1102
-20,-1308
-171,-1423
-335,-1536
-573,-1641
-939,-1650
-1245,-1393
-1270,-1103
-1154,-952
-1117,-960
-1164,-1003
-1302,-1052
-1517,-1060
-1831,-863
-2044,-448
-1964,31
-1572,319
-1194,371
-935,170
-938,-101
-1142,-277
-1434,-264
-1706,-36
-1706,325
-1662,592
-1585,912
-1267,1120
-1000,1102
-943,1003
-994,1050
-997,1175
-943,1410
-651,1688
-341,1762
-29,1785
324,1694
599,1470
714,1156
576,858
409,811
330,922
357,1067
466,1198
678,1311
969,1190
1137,988
1128,797
1181,677
1098,481
910,567
1034,731
1249,741
1461,692
1665,505
1752,219
1746,-55
1672,-335
1461,-565
1163,-592
968,-516
884,-305
1039,-158
1174,-144
1411,-219
1557,-522
1427,-879
1052,-1007
RX_END==============================================
IQ_DATA_END=============================================
DBG:..\SRC\or_mw.c:85:proc_read_fifo(): Read FIFO Size=5128 from address 0x10000
DBG:..\SRC\or_mw.c:578:or_ez_IQ_mode(): Frame Interval=332ms
frameEnd FIFO Pos=5124
Rx channel: 0x1
Chirp number: 10
Chirp points: 128
Bandwidth_MHz: 6800
Chirp time_us: 55
FS_IQ_KHz: 2500.000000
IQ_DATA_START==================================
Chirp_01==================================
RX1==============================================
-82,-147
-130,-65
-130,12
-86,93
-8,130
43,103
101,20
149,-33
163,-41
186,-47
212,-114
173,-164
149,-186
116,-216
78,-206
38,-171
71,-161
60,-195
16,-176
-15,-120
7,-21
98,64
166,90
246,82
415,36
473,-90
430,-227
330,-271
266,-237
303,-250
285,-300
238,-277
236,-264
234,-284
225,-285
212,-283
212,-265
169,-265
152,-215
201,-84
401,-11
573,-103
657,-241
691,-398
641,-557
561,-629
479,-700
395,-644
529,-656
550,-814
427,-982
231,-1078
90,-1011
101,-930
105,-950
40,-1013
-26,-1043
-102,-1037
-159,-948
-117,-879
13,-899
98,-1081
-1,-1299
-154,-1456
-355,-1574
-559,-1684
-959,-1645
-1242,-1378
-1229,-1095
-1088,-948
-1063,-1004
-1157,-1061
-1334,-1092
-1584,-1068
-1881,-847
-2019,-415
-1891,78
-1523,333
-1181,331
-929,131
-966,-117
-1174,-261
-1439,-270
-1692,-32
-1696,336
-1673,537
-1585,861
-1301,1067
-1040,1086
-950,1002
-1024,1067
-978,1224
-876,1436
-606,1650
-330,1683
-65,1724
282,1695
569,1535
753,1230
655,889
453,791
316,875
317,1026
401,1179
634,1319
967,1260
1198,1023
1212,789
1213,636
1078,410
880,557
986,767
1245,809
1500,752
1747,511
1821,184
1776,-109
1664,-385
1388,-587
1097,-582
945,-480
901,-295
1070,-177
1197,-192
1405,-258
1533,-541
1375,-838
1051,-948
RX_END==============================================
Chirp_02==================================
RX1==============================================
-103,-142
-159,-62
-150,27
-123,129
-15,141
72,87
93,55
147,2
170,-42
168,-43
194,-112
163,-178
151,-175
107,-196
70,-195
48,-192
55,-175
53,-166
22,-165
-9,-118
-16,-1
88,59
163,60
224,93
369,34
431,-92
411,-226
338,-292
273,-247
311,-258
294,-288
258,-259
253,-238
236,-278
227,-280
191,-265
184,-237
186,-228
156,-195
173,-70
376,-19
535,-114
623,-224
693,-372
663,-533
558,-637
469,-683
419,-631
522,-654
543,-827
447,-972
248,-1056
115,-995
115,-929
110,-988
49,-1037
-21,-1016
-89,-1044
-126,-971
-112,-901
-1,-924
90,-1094
2,-1277
-140,-1413
-320,-1512
-549,-1616
-958,-1655
-1240,-1396
-1244,-1104
-1113,-946
-1070,-990
-1159,-1062
-1317,-1078
-1580,-1070
-1911,-861
-2065,-455
-1926,53
-1528,330
-1179,361
-930,151
-959,-118
-1192,-273
-1464,-256
-1712,0
-1700,360
-1684,580
-1564,921
-1290,1094
-1036,1081
-943,1020
-985,1089
-957,1219
-910,1429
-627,1637
-333,1701
-58,1769
278,1721
588,1497
736,1206
619,900
428,805
306,888
308,1036
413,1193
675,1324
979,1242
1157,1014
1177,803
1205,638
1078,445
892,567
977,740
1194,772
1472,709
1702,474
1802,186
1779,-87
1676,-363
1440,-557
1146,-562
958,-481
890,-284
1054,-157
1209,-187
1419,-271
1536,-552
1377,-862
1049,-953
RX_END==============================================
Chirp_03==================================
RX1==============================================
-60,-172
-124,-67
-135,15
-94,109
-7,151
34,99
89,60
127,18
146,-50
152,-77
202,-128
171,-181
132,-181
100,-222
69,-212
59,-188
65,-178
64,-157
29,-147
-8,-89
4,12
92,64
175,71
239,77
383,4
457,-130
422,-218
328,-245
275,-246
317,-247
285,-304
230,-311
214,-309
201,-297
188,-298
188,-278
214,-282
201,-265
162,-211
189,-93
379,-12
551,-86
632,-231
700,-376
674,-546
573,-660
449,-705
372,-642
488,-655
546,-835
465,-1001
251,-1080
89,-1014
97,-942
117,-984
26,-1031
-31,-1031
-81,-1027
-129,-969
-101,-943
-24,-936
68,-1100
-4,-1311
-132,-1432
-314,-1524
-549,-1628
-940,-1649
-1224,-1386
-1251,-1077
-1132,-951
-1095,-990
-1145,-1029
-1282,-1069
-1551,-1067
-1886,-873
-2040,-484
-1916,10
-1536,313
-1173,335
-936,157
-954,-118
-1144,-264
-1424,-238
-1709,-28
-1719,329
-1671,547
-1573,876
-1276,1068
-1027,1049
-955,982
-995,1047
-991,1191
-912,1466
-618,1703
-312,1735
-21,1771
308,1718
572,1492
721,1191
612,893
425,821
312,888
319,1040
436,1177
694,1302
971,1235
1146,1031
1173,807
1199,648
1076,434
879,559
994,753
1203,780
1452,726
1690,515
1799,211
1781,-61
1658,-364
1406,-596
1099,-582
929,-480
889,-303
1043,-182
1196,-187
1422,-256
1537,-557
1389,-880
1081,-990
RX_END==============================================
Chirp_04==================================
RX1==============================================
-96,-156
-145,-77
-160,6
-141,79
-37,109
65,81
118,27
156,-27
152,-57
150,-62
178,-118
161,-155
166,-165
113,-197
71,-209
66,-183
59,-187
36,-174
-1,-145
-38,-89
-18,-7
88,46
146,47
223,58
389,6
444,-116
402,-228
325,-288
273,-238
310,-252
295,-313
235,-281
216,-277
225,-289
216,-276
221,-267
206,-277
198,-273
172,-230
204,-111
396,-18
561,-81
638,-208
690,-384
672,-560
578,-672
463,-720
375,-649
502,-657
524,-830
428,-998
264,-1076
132,-1013
106,-957
103,-1004
21,-1033
-41,-1014
-102,-1008
-133,-963
-95,-930
1,-948
81,-1088
-22,-1296
-168,-1443
-321,-1532
-537,-1646
-915,-1674
-1211,-1404
-1246,-1102
-1144,-951
-1104,-975
-1162,-1022
-1295,-1064
-1524,-1070
-1849,-874
-2023,-457
-1932,33
-1562,312
-1174,340
-894,139
-901,-113
-1140,-261
-1443,-265
-1703,-36
-1727,311
-1695,554
-1578,888
-1261,1083
-1012,1087
-944,978
-1001,1038
-988,1183
-913,1428
-622,1655
-304,1726
2,1785
340,1695
600,1465
715,1152
604,838
402,805
306,896
332,1047
464,1190
712,1292
992,1202
1136,1008
1147,799
1172,675
1085,467
919,541
1000,718
1219,750
1450,699
1686,503
1784,216
1776,-60
1664,-333
1419,-554
1145,-602
965,-509
890,-289
1042,-151
1196,-154
1421,-239
1542,-550
1396,-872
1081,-974
RX_END==============================================
Chirp_05==================================
RX1==============================================
-63,-174
-123,-91
-144,11
-102,105
-19,147
58,100
103,29
140,-33
145,-72
163,-77
190,-121
150,-167
155,-169
145,-191
106,-192
73,-194
46,-173
31,-177
4,-166
-20,-117
7,-9
115,54
168,37
252,52
383,19
431,-116
398,-206
331,-249
287,-233
341,-265
300,-349
237,-322
229,-291
236,-287
223,-279
212,-279
229,-286
219,-305
170,-266
196,-133
396,-37
551,-123
644,-229
720,-380
691,-580
565,-677
427,-727
380,-634
505,-621
525,-788
450,-981
271,-1085
144,-1010
129,-949
123,-989
11,-1038
-39,-1022
-95,-1015
-99,-947
-58,-925
10,-971
66,-1120
-38,-1297
-184,-1408
-355,-1529
-565,-1651
-941,-1661
-1222,-1400
-1242,-1105
-1142,-988
-1112,-994
-1194,-1044
-1303,-1053
-1497,-1057
-1828,-887
-2024,-500
-1916,-4
-1540,305
-1173,348
-932,171
-923,-106
-1145,-263
-1435,-259
-1702,-44
-1726,310
-1710,540
-1600,896
-1292,1099
-1008,1081
-939,977
-1012,1011
-1013,1170
-928,1443
-627,1689
-295,1771
3,1782
359,1683
602,1455
722,1148
600,881
394,836
291,920
357,1056
477,1183
701,1274
980,1178
1146,975
1164,774
1172,661
1070,469
914,556
1027,711
1225,743
1466,698
1694,488
1771,206
1770,-70
1673,-351
1430,-575
1131,-628
945,-524
879,-295
1040,-168
1202,-137
1439,-219
1561,-535
1414,-866
1066,-1001
RX_END==============================================
Chirp_06==================================
RX1==============================================
-79,-180
-155,-90
-164,2
-113,100
-27,137
62,95
103,55
155,2
162,-41
152,-57
191,-121
149,-157
154,-157
129,-200
82,-215
55,-209
53,-182
42,-193
9,-171
-16,-107
25,13
119,48
190,58
256,88
362,33
421,-93
411,-184
347,-254
294,-217
337,-247
295,-314
227,-325
212,-267
212,-267
199,-266
208,-223
216,-239
211,-277
188,-240
212,-117
383,-37
532,-113
626,-209
690,-346
688,-556
584,-671
455,-749
402,-681
513,-658
546,-820
438,-967
276,-1034
141,-995
108,-966
87,-1018
-19,-1069
-83,-1035
-90,-1007
-105,-951
-66,-931
3,-965
69,-1133
-9,-1319
-162,-1425
-337,-1520
-549,-1639
-939,-1671
-1228,-1390
-1247,-1104
-1146,-975
-1128,-981
-1190,-1003
-1311,-1024
-1516,-1019
-1852,-855
-2036,-492
-1945,19
-1577,326
-1194,359
-931,189
-922,-85
-1139,-264
-1440,-279
-1703,-51
-1747,294
-1728,548
-1604,923
-1273,1140
-1026,1067
-957,938
-1009,992
-995,1153
-932,1415
-659,1687
-313,1781
25,1833
367,1729
611,1470
740,1151
605,858
402,824
315,928
360,1061
461,1182
706,1281
976,1191
1107,998
1100,809
1155,670
1082,482
932,578
1036,721
1232,748
1443,688
1681,490
1766,215
1761,-29
1675,-311
1429,-559
1158,-603
972,-542
873,-340
1021,-190
1197,-157
1430,-232
1551,-532
1432,-876
1093,-1016
RX_END==============================================
Chirp_07==================================
RX1==============================================
-91,-170
-149,-98
-175,-2
-125,101
-12,132
82,92
129,54
149,-8
147,-72
151,-86
182,-121
171,-156
166,-172
145,-213
88,-211
74,-203
65,-190
55,-190
-4,-161
-24,-101
-9,-11
80,55
156,46
241,59
386,14
432,-114
395,-198
332,-258
306,-241
355,-255
305,-345
218,-332
198,-299
203,-299
197,-257
198,-244
207,-259
220,-277
194,-244
194,-124
383,-39
541,-90
644,-203
706,-373
680,-573
585,-680
475,-748
386,-679
491,-654
540,-814
462,-968
298,-1034
150,-993
119,-974
90,-1017
-6,-1041
-49,-1023
-112,-1005
-114,-942
-66,-947
5,-981
57,-1119
-44,-1294
-174,-1411
-345,-1532
-540,-1623
-924,-1659
-1225,-1423
-1241,-1124
-1134,-994
-1104,-979
-1173,-998
-1332,-1030
-1530,-1028
-1801,-839
-1993,-478
-1926,-8
-1559,296
-1180,330
-927,147
-941,-81
-1133,-275
-1427,-264
-1705,-65
-1745,288
-1723,558
-1621,910
-1265,1109
-976,1079
-921,971
-998,1015
-1003,1173
-946,1448
-663,1692
-334,1768
-9,1800
358,1709
612,1482
720,1163
574,877
364,820
282,897
316,1060
448,1192
709,1281
987,1189
1150,976
1143,769
1172,683
1089,485
930,565
1051,716
1255,732
1474,674
1708,485
1766,208
1740,-57
1664,-344
1440,-566
1151,-608
964,-510
879,-295
1023,-175
1170,-160
1407,-248
1547,-533
1417,-865
1090,-1000
RX_END==============================================
Chirp_08==================================
RX1==============================================
-75,-160
-138,-82
-153,10
-125,103
-16,141
87,92
134,36
157,-21
149,-78
143,-78
170,-119
144,-157
138,-166
127,-217
89,-214
53,-202
44,-207
53,-206
27,-172
-32,-97
-12,-7
96,38
174,43
253,64
391,35
452,-89
414,-220
342,-